0.0
0.0
0.1
0.1
0.1
0.2
0.3
0.4
0.4
0.4
0.4
0.4
0.5
0.5
0.5
0.5
0.5
0.5
0.5
0.6
0.6
0.6
0.6
0.6
0.6
0.6
0.6
0.6
0.7
0.7
2.1
3.0
4.3
4.4
4.6
4.9
7.2
7.3
9.1
9.8
10.1
10.4
12.1
14.6
14.6
14.6
14.9
14.9
15.1
15.4
16.4
18.4
18.7
19.1
19.4
19.6
19.8
21.4
21.6
22.4
24.6
24.9
25.2
28.4
29.4
29.6
30.0
30.2
30.4
30.4
30.4
30.4
30.4
30.9
30.9
30.9
30.9
31.0
31.0
31.0
31.0
31.3
31.6
31.8
32.1
32.1
31.4
31.5
31.7
31.7
31.7
31.7
32.3
32.3
32.3
32.3
32.6
32.6
32.6
32.9
33.2
33.4
33.5
33.5
33.1
33.2
33.4
33.4
33.6
33.9
34.4
36.4
36.7
37.0
37.3
37.5
39.4
39.6
39.7
39.7
40.1
40.7
40.9
41.2
41.4
41.6
41.9
42.2
42.4
42.7
43.0
44.1
45.1
45.4
45.7
45.9
46.2
46.3
45.6
45.7
45.7
45.9
45.9
45.9
46.1
47.2
47.2
47.2
47.2
47.2
47.2
47.4
47.7
47.9
47.9
47.9
47.9
47.9
47.9
47.9
47.9
47.9
47.5
47.7
47.7
47.8
47.8
47.8
47.8
47.8
47.8
47.8
47.8
48.2
48.3
48.4
48.5
48.6
48.9
48.9
48.9
48.9
48.9
48.9
48.9
48.6
48.6
48.6
48.6
48.6
48.6
48.6
48.6
48.6
48.6
48.6
48.6
48.6
48.6
48.6
48.6
48.6
48.6
48.6
48.6
48.6
48.6
48.6
48.6
48.6
48.6
48.6
48.6
48.6
48.6
48.6
48.6
48.6
48.6
48.6
48.6
48.6
48.6
48.6
48.6
48.6
48.6
48.6
48.6
48.6
48.6
48.6
48.6
48.6
48.6
48.6
48.6
48.6
48.6
48.6
48.6
48.6
48.6
48.6
48.6
48.6
48.6
48.6
48.6
48.6
48.6
48.6
48.6
48.6
48.6
48.6
48.6
48.6
