0.0
0.1
0.1
0.2
0.2
0.2
0.3
0.4
0.5
0.5
0.5
0.5
0.5
0.6
0.6
0.6
0.6
0.6
0.6
0.6
0.6
0.6
0.6
0.6
0.7
0.7
0.7
0.7
0.7
0.8
2.2
3.1
4.4
4.4
4.6
4.9
7.2
7.4
9.1
9.9
10.2
10.4
12.3
14.6
14.7
14.7
15.0
15.0
15.2
15.4
16.3
18.5
18.7
19.1
19.4
19.7
19.8
21.4
21.7
22.4
24.7
24.9
25.2
28.3
29.4
29.7
30.0
30.3
30.5
30.5
30.5
30.5
30.5
31.0
31.0
31.0
31.0
31.0
31.0
31.0
31.1
31.4
31.6
31.9
32.2
32.2
31.4
31.5
31.8
31.8
31.8
31.8
32.3
32.3
32.3
32.3
32.7
32.7
32.7
32.9
33.3
33.5
33.5
33.5
33.1
33.3
33.4
33.5
33.6
33.9
34.3
36.4
36.7
37.0
37.3
37.5
39.5
39.6
39.7
39.7
40.1
40.8
41.0
41.2
41.4
41.7
41.9
42.2
42.5
42.8
43.1
44.0
45.1
45.4
45.7
46.0
46.3
46.3
45.6
45.7
45.7
45.9
45.9
45.9
46.1
47.2
47.3
47.3
47.3
47.3
47.3
47.5
47.8
47.9
48.0
48.0
48.0
48.0
48.0
48.0
48.0
48.0
47.6
47.7
47.7
47.8
47.8
47.8
47.8
47.8
47.8
47.8
47.8
48.3
48.3
48.4
48.6
48.6
49.0
49.0
49.0
49.0
49.0
49.0
49.0
48.6
48.6
48.6
48.6
48.6
48.6
48.6
48.6
48.6
48.6
48.6
48.6
48.6
48.6
48.6
48.6
48.6
48.6
48.6
48.6
48.6
48.6
48.6
48.6
48.6
48.6
48.6
48.6
48.6
48.6
48.6
48.6
48.6
48.6
48.6
48.6
48.6
48.6
48.6
48.6
48.6
48.6
48.6
48.6
48.6
48.6
48.6
48.6
48.6
48.6
48.6
48.6
48.6
48.6
48.6
48.6
48.6
48.6
48.6
48.6
48.6
48.6
48.6
48.6
48.6
48.6
48.6
48.6
48.6
48.6
48.6
48.6
48.6
