0.0
0.0
0.0
0.0
0.0
26.7
13.3
0.0
0.0
0.0
0.0
0.0
0.0
0.0
0.0
0.0
0.0
26.7
66.7
93.3
60.0
6.7
0.0
0.0
0.0
0.0
0.0
0.0
0.0
20.0
20.0
100.0
13.3
93.8
100.0
106.7
106.7
100.0
87.5
106.7
100.0
100.0
100.0
100.0
106.7
106.7
113.3
106.7
100.0
100.0
106.7
100.0
100.0
93.8
100.0
100.0
100.0
20.0
100.0
113.3
100.0
100.0
100.0
100.0
100.0
100.0
100.0
100.0
100.0
100.0
106.7
100.0
100.0
100.0
100.0
100.0
100.0
160.0
100.0
106.7
106.7
100.0
106.7
100.0
100.0
106.7
180.0
100.0
180.0
93.8
100.0
186.7
100.0
106.7
100.0
106.7
180.0
100.0
106.7
106.7
100.0
93.8
106.7
106.7
186.7
106.7
126.7
100.0
100.0
100.0
106.7
100.0
100.0
100.0
100.0
126.7
100.0
100.0
100.0
100.0
180.0
100.0
106.7
100.0
100.0
100.0
100.0
186.7
100.0
100.0
106.7
106.7
100.0
100.0
100.0
100.0
100.0
93.8
100.0
100.0
100.0
80.0
100.0
100.0
100.0
180.0
100.0
93.8
100.0
100.0
100.0
240.0
106.7
100.0
100.0
180.0
100.0
93.8
100.0
100.0
100.0
106.7
173.3
100.0
113.3
126.7
100.0
100.0
100.0
153.3
100.0
100.0
100.0
126.7
100.0
100.0
100.0
93.3
0.0
100.0
100.0
100.0
100.0
100.0
100.0
0.0
0.0
0.0
100.0
100.0
0.0
0.0
100.0
0.0
0.0
0.0
0.0
40.0
66.7
13.3
0.0
0.0
0.0
0.0
0.0
0.0
0.0
0.0
0.0
26.7
0.0
0.0
0.0
0.0
0.0
0.0
0.0
0.0
0.0
0.0
0.0
0.0
0.0
0.0
0.0
0.0
0.0
0.0
0.0
0.0
0.0
0.0
0.0
0.0
0.0
0.0
0.0
0.0
0.0
0.0
0.0
0.0
0.0
0.0
0.0
0.0
0.0
0.0
0.0
0.0
0.0
0.0
0.0
0.0
0.0
0.0
0.0
0.0
