0.0
0.0
0.0
0.0
0.1
0.2
0.4
0.5
0.6
0.8
0.9
1.2
1.3
1.5
1.7
2.0
2.2
2.5
2.8
3.4
3.6
4.0
4.7
4.9
5.4
5.8
6.3
6.8
7.0
7.4
7.7
8.0
8.2
8.5
8.8
9.0
9.1
9.5
9.8
9.9
10.3
10.7
10.9
11.6
11.7
12.3
12.5
12.9
13.2
13.3
13.6
14.0
14.0
14.6
14.8
15.2
15.5
15.7
16.1
16.5
16.7
16.8
16.9
17.3
17.3
17.3
17.3
17.3
17.3
17.3
17.3
17.4
17.4
17.4
17.5
17.7
17.8
17.8
17.9
18.1
18.3
18.3
18.4
18.4
18.5
18.6
18.6
18.7
18.7
18.7
18.8
19.0
19.2
19.1
19.1
19.2
19.3
19.4
19.4
19.5
19.5
19.5
19.6
19.5
19.5
19.6
19.6
19.8
19.7
19.8
19.8
19.9
19.8
19.8
19.8
19.8
19.7
19.6
19.5
19.4
19.4
19.3
19.3
19.1
19.0
19.0
18.9
18.8
18.7
18.6
18.5
18.5
18.4
18.3
18.2
18.1
18.1
18.0
17.9
17.8
17.7
17.7
17.6
17.5
17.4
17.4
17.3
17.2
17.1
17.1
17.0
17.0
16.9
16.8
16.7
16.7
16.6
16.6
16.5
16.4
16.3
16.3
16.2
16.1
16.1
16.0
16.0
15.9
15.8
15.8
15.7
15.7
15.6
15.5
15.5
15.4
15.4
15.3
15.2
15.2
15.1
15.1
15.0
14.9
14.9
14.9
14.8
14.8
14.7
14.6
14.6
14.6
14.5
14.4
14.4
14.3
14.3
14.3
14.2
14.1
14.1
14.1
14.0
13.9
13.9
13.9
13.8
13.8
13.7
13.7
13.6
13.6
13.6
13.5
13.4
13.4
13.4
13.3
13.3
13.2
13.2
13.2
13.1
13.1
13.0
13.0
13.0
12.9
12.8
12.8
12.8
12.7
12.7
12.7
12.6
12.6
12.6
12.5
12.5
12.4
12.4
12.4
12.3
12.3
12.2
12.2
12.2
12.2
12.1
12.1
12.0
12.0
12.0
