0.0
0.0
0.0
0.0
0.1
0.3
0.5
0.7
0.9
1.1
1.3
1.5
1.8
2.1
2.3
2.7
3.2
3.7
4.2
4.4
4.7
5.0
5.2
5.6
6.2
6.5
6.9
7.6
8.0
8.5
9.0
9.4
9.6
10.3
10.6
10.8
11.0
11.5
11.9
12.0
12.3
12.9
13.1
13.4
13.9
14.1
14.2
14.9
15.1
15.3
15.6
15.9
15.9
16.3
16.7
16.6
16.7
16.8
17.1
17.5
17.6
18.2
18.4
19.1
19.1
19.8
20.0
20.5
20.6
20.9
21.1
21.4
21.8
21.9
22.1
22.4
22.6
22.9
22.9
23.0
23.0
23.1
23.1
23.1
23.2
23.1
23.1
23.1
23.1
23.2
23.1
23.3
23.5
23.4
23.5
23.5
23.6
23.7
23.7
23.7
23.6
23.6
23.7
23.9
24.1
24.2
24.1
24.4
24.3
24.4
24.5
24.4
24.5
24.4
24.5
24.5
24.6
24.7
24.7
24.6
24.5
24.6
24.7
24.7
24.6
24.6
24.6
24.6
24.5
24.4
24.3
24.3
24.2
24.1
24.0
24.0
23.9
23.8
23.7
23.5
23.5
23.4
23.3
23.2
23.0
22.9
22.8
22.7
22.6
22.5
22.4
22.3
22.2
22.1
21.9
21.9
21.8
21.7
21.6
21.4
21.4
21.3
21.2
21.1
21.0
20.9
20.8
20.7
20.7
20.5
20.4
20.4
20.3
20.2
20.1
20.0
19.9
19.9
19.8
19.7
19.6
19.5
19.5
19.4
19.3
19.2
19.1
19.1
19.0
18.9
18.8
18.8
18.7
18.6
18.5
18.5
18.4
18.3
18.3
18.2
18.1
18.0
18.0
17.9
17.8
17.8
17.7
17.6
17.6
17.5
17.4
17.4
17.3
17.3
17.2
17.1
17.1
17.0
17.0
16.9
16.8
16.8
16.7
16.7
16.6
16.5
16.5
16.4
16.4
16.3
16.2
16.2
16.2
16.1
16.0
16.0
15.9
15.9
15.8
15.7
15.7
15.7
15.6
15.6
15.5
15.4
15.4
15.4
15.3
15.2
15.2
15.2
15.1
15.1
15.0
15.0
14.9
14.9
14.8
14.8
14.7
14.7
14.7
14.6
14.5
14.5
14.5
14.4
14.4
14.3
14.3
14.2
14.2
14.2
14.1
14.1
14.0
14.0
14.0
13.9
13.9
13.8
13.8
13.8
13.7
13.7
13.6
13.6
13.6
13.5
