0.0
0.0
0.1
0.1
0.1
0.2
0.4
0.4
0.7
0.7
0.8
0.8
0.8
0.8
0.8
0.8
0.8
0.8
0.8
0.8
0.8
0.8
0.8
1.0
1.6
2.0
2.4
2.7
2.9
3.0
3.0
3.0
3.0
3.0
3.0
3.0
2.9
2.9
2.9
3.0
3.0
3.2
3.2
3.3
3.5
3.5
3.5
3.6
3.6
3.6
3.6
3.6
3.6
3.6
3.6
3.6
3.6
3.6
3.6
3.6
3.7
3.9
3.9
3.9
3.9
3.9
3.9
3.9
3.9
4.0
4.0
4.0
4.0
4.0
4.0
4.1
4.1
4.2
4.3
4.5
4.5
4.5
4.5
4.5
4.5
4.5
4.5
4.5
4.5
4.5
4.5
4.5
4.5
4.5
4.5
4.5
4.5
4.5
4.5
4.5
4.5
4.5
4.5
4.5
4.5
4.5
4.5
4.5
4.5
4.5
4.5
4.5
4.5
4.5
4.5
4.5
4.5
4.5
4.5
4.5
4.5
4.5
4.5
4.5
4.5
4.5
4.5
4.5
4.5
4.5
4.5
4.5
4.5
4.5
4.5
4.5
4.5
4.5
4.5
4.5
4.5
4.5
4.5
4.5
4.5
4.5
4.5
