0.0
0.0
0.0
0.0
0.0
0.0
20.0
66.7
100.0
87.5
100.0
100.0
60.0
93.3
93.3
40.0
6.7
0.0
0.0
0.0
13.3
0.0
0.0
20.0
20.0
73.3
106.7
6.7
6.7
100.0
0.0
13.3
46.7
100.0
0.0
6.7
0.0
93.3
40.0
13.3
60.0
93.8
0.0
0.0
100.0
26.7
40.0
100.0
0.0
0.0
100.0
0.0
0.0
100.0
86.7
0.0
33.3
100.0
0.0
6.2
106.7
6.7
120.0
100.0
6.7
100.0
0.0
0.0
86.7
100.0
0.0
40.0
100.0
0.0
13.3
140.0
100.0
0.0
100.0
46.7
6.7
100.0
0.0
6.7
93.3
0.0
6.7
100.0
6.7
6.7
100.0
0.0
0.0
40.0
33.3
80.0
13.3
0.0
0.0
0.0
0.0
0.0
66.7
26.7
0.0
0.0
0.0
0.0
6.7
0.0
0.0
53.3
0.0
0.0
0.0
0.0
0.0
0.0
13.3
0.0
0.0
0.0
0.0
0.0
0.0
0.0
0.0
0.0
0.0
0.0
0.0
0.0
0.0
0.0
0.0
0.0
0.0
0.0
0.0
0.0
0.0
0.0
0.0
0.0
0.0
0.0
0.0
