0.0
0.1
0.2
0.3
0.4
0.6
0.8
1.0
1.4
2.0
3.1
3.8
4.4
4.8
5.2
5.6
6.1
6.6
6.8
7.2
7.7
8.0
8.1
8.4
8.6
8.8
8.9
8.8
8.9
9.2
9.2
9.3
9.3
9.4
9.4
9.6
10.7
12.9
14.6
14.9
15.6
16.4
16.7
17.6
18.0
18.4
19.1
19.6
20.2
20.3
20.2
20.2
20.3
20.8
21.4
21.5
22.4
23.0
23.7
24.1
24.2
24.6
24.8
24.9
25.7
25.8
26.4
27.1
27.1
28.0
28.3
28.2
28.7
28.8
29.1
29.1
29.3
29.7
29.8
30.0
30.0
30.1
30.4
30.6
30.8
30.8
30.9
31.0
31.1
31.4
31.6
31.5
31.6
31.7
31.9
32.2
32.1
32.2
32.6
32.7
32.8
32.8
33.0
33.3
33.3
33.4
33.3
33.6
33.8
33.9
33.9
33.9
34.1
34.2
34.2
34.4
34.3
34.3
34.5
34.6
34.8
34.7
34.9
34.9
35.0
35.2
35.1
35.2
35.3
35.3
35.5
35.5
35.6
35.5
35.7
35.8
35.8
35.8
35.9
35.8
36.0
36.0
36.1
36.2
36.1
36.2
36.4
36.3
36.5
36.4
36.4
36.4
36.4
36.7
36.6
36.7
36.7
36.7
36.8
36.9
37.0
37.1
37.0
37.2
37.2
37.2
37.2
37.3
37.5
37.6
37.5
37.5
37.4
37.6
37.8
37.7
37.8
37.9
38.0
38.1
38.0
38.1
38.1
38.2
38.3
38.3
38.4
38.4
38.6
38.6
38.6
38.7
38.7
38.8
38.7
38.8
38.9
39.0
39.0
39.0
39.0
39.1
39.1
39.1
39.2
39.3
39.4
39.4
39.3
39.4
39.5
39.5
39.6
39.5
39.6
39.7
39.7
39.7
39.6
39.8
39.9
39.8
39.9
40.0
40.0
40.0
40.1
40.1
40.2
40.1
40.2
40.3
40.3
40.4
40.3
40.4
40.5
40.5
40.5
40.6
40.6
40.7
40.7
40.7
40.9
40.9
40.9
40.8
40.9
40.8
41.0
41.0
41.0
41.0
40.9
41.0
41.0
41.0
41.0
41.0
41.0
41.0
40.9
41.0
41.1
41.0
41.0
41.0
41.1
41.2
41.1
41.1
41.0
41.1
41.1
41.1
41.2
41.2
41.2
41.2
41.1
41.2
41.2
41.3
41.3
41.2
41.2
41.2
41.3
41.3
41.2
41.3
41.4
41.4
41.4
41.4
41.5
41.6
41.5
41.5
41.4
41.5
41.5
41.5
41.5
41.5
41.5
41.5
41.5
41.6
41.6
41.5
41.5
41.5
41.6
41.7
41.6
41.7
41.7
41.8
41.8
41.7
41.8
41.7
41.8
41.9
41.8
41.8
41.7
41.7
41.8
41.8
41.8
41.8
41.8
41.9
41.8
41.8
41.9
41.8
41.8
41.8
41.9
41.9
41.8
41.9
41.9
41.9
41.9
41.9
41.9
42.0
42.0
42.0
41.9
41.9
42.0
41.9
42.0
42.0
42.0
42.0
42.0
42.0
42.1
42.0
42.0
42.1
42.1
42.2
42.1
42.1
42.1
42.1
42.1
42.1
42.1
42.1
42.1
42.1
42.2
42.2
42.2
42.1
42.1
42.1
42.2
42.2
42.2
42.2
42.2
42.2
42.2
42.2
42.3
42.3
42.3
42.4
42.3
42.3
42.4
42.4
42.4
42.4
42.4
42.4
42.5
42.5
42.4
42.6
42.6
42.5
42.6
42.6
42.6
42.8
42.7
42.8
42.9
42.9
43.0
43.0
43.1
43.3
43.3
43.4
43.5
43.5
43.6
43.6
43.6
43.6
43.6
43.7
43.6
43.7
43.6
43.7
43.8
43.7
43.7
43.8
43.8
43.8
43.8
43.9
43.8
43.9
43.9
43.9
43.9
43.9
43.9
44.0
44.0
44.0
43.9
44.0
44.0
44.0
44.0
44.0
44.0
44.1
44.0
44.1
44.1
44.1
44.1
44.1
44.2
44.2
44.2
44.2
44.1
44.2
44.2
44.2
44.2
44.2
44.1
44.2
44.2
44.2
44.2
44.2
44.2
44.2
44.3
44.2
44.2
44.2
44.2
44.3
44.3
44.2
44.2
44.2
44.3
44.3
44.3
44.3
44.3
44.3
44.3
44.3
44.3
44.3
44.3
44.4
44.4
44.4
44.4
44.4
44.5
44.4
44.4
44.4
44.4
44.5
44.5
44.5
44.5
44.5
44.5
44.5
44.5
44.5
44.5
44.6
44.6
44.5
44.6
44.5
44.6
44.6
44.5
44.6
44.7
44.6
44.7
44.7
44.7
44.7
44.6
44.7
44.7
44.7
44.7
44.7
44.7
44.8
44.7
44.8
44.8
44.8
44.8
44.8
44.8
44.8
44.8
44.8
44.8
44.8
44.8
44.8
44.8
44.8
44.8
44.8
44.8
44.8
44.9
44.9
44.9
44.9
44.9
44.9
44.9
44.9
44.9
45.0
45.0
44.9
45.0
45.0
45.0
45.0
44.9
45.0
44.9
45.0
45.0
44.9
44.9
45.0
45.0
45.0
44.9
44.9
45.0
45.0
45.0
45.0
44.9
45.0
45.0
45.0
45.0
45.0
45.1
45.0
45.0
45.0
45.0
45.1
45.0
45.1
45.1
45.1
45.1
45.1
45.1
45.2
45.1
45.1
45.2
45.2
45.2
45.1
45.2
45.2
45.2
45.2
45.2
45.2
45.2
45.2
45.2
45.2
45.2
45.2
45.2
45.2
45.2
45.2
45.3
45.2
45.2
45.3
45.3
45.3
45.2
45.2
45.3
45.3
45.3
45.2
45.2
45.2
45.2
45.2
45.2
45.3
45.3
45.3
45.3
45.3
45.2
45.3
45.3
45.3
45.3
45.2
45.2
45.3
45.3
45.3
45.2
45.3
45.3
45.3
45.3
45.2
45.2
45.2
45.2
45.2
45.2
45.2
45.2
45.2
45.2
45.3
45.3
45.3
45.3
45.3
45.3
45.3
45.3
45.3
45.3
45.3
45.3
45.3
45.4
45.3
45.4
45.3
45.4
45.4
45.3
45.4
45.3
45.4
45.4
45.4
45.3
45.3
45.3
45.4
45.4
45.4
45.4
45.3
45.4
45.4
45.4
45.3
45.3
45.3
45.3
45.4
45.4
45.3
45.3
45.3
45.4
45.4
45.3
45.4
45.4
45.4
45.4
45.4
45.4
45.4
45.4
45.5
45.4
45.4
45.4
45.4
45.4
45.5
45.5
45.5
45.4
45.5
45.5
45.5
45.5
45.4
45.5
45.5
45.5
45.5
45.5
45.5
45.6
45.6
45.6
45.6
45.6
45.7
45.7
45.7
45.7
45.8
45.8
45.8
45.7
45.8
45.8
45.9
45.9
45.9
45.9
45.9
46.0
46.0
46.0
45.9
46.0
46.0
46.0
46.0
46.0
46.0
46.0
46.0
46.0
46.0
46.0
46.0
46.0
46.0
46.0
46.0
46.0
46.0
46.0
46.0
46.0
46.1
46.0
46.0
46.1
46.1
46.1
46.1
46.1
46.1
46.1
46.1
46.1
46.1
46.1
46.1
46.1
46.2
46.1
46.2
46.2
46.2
46.2
46.2
46.2
46.2
46.2
46.2
46.2
46.2
46.2
46.2
46.2
46.2
46.2
46.2
46.2
46.3
46.2
46.2
46.2
46.2
46.2
46.2
46.2
46.2
46.2
46.3
46.2
46.2
46.2
46.2
46.2
46.2
46.3
46.2
46.2
46.2
46.2
46.2
46.2
46.2
46.3
46.2
46.3
46.3
46.3
46.3
46.3
46.3
46.3
46.3
46.3
46.3
46.3
46.3
46.3
46.3
46.3
46.3
46.3
46.3
46.3
46.4
46.3
46.4
46.4
46.4
46.4
46.4
46.4
46.4
46.4
46.4
46.4
46.4
46.4
46.4
46.5
46.4
46.4
46.5
46.5
46.5
46.5
46.5
46.5
46.5
46.5
46.5
46.5
46.5
46.5
46.5
46.6
46.5
46.5
46.6
46.6
46.5
46.5
46.6
46.6
46.6
46.5
46.5
46.5
46.5
46.5
46.5
46.5
46.5
46.5
46.5
46.5
46.5
46.5
46.5
46.5
46.5
46.5
46.5
46.5
46.5
46.5
46.5
46.5
46.5
46.5
46.5
46.5
46.5
46.5
46.5
46.5
46.5
46.5
46.5
46.5
46.5
46.5
46.5
46.5
46.5
46.6
46.5
46.5
46.5
46.5
46.5
46.5
46.5
46.5
46.5
46.5
46.5
46.5
46.5
46.5
46.5
46.5
46.5
46.5
46.5
46.5
46.5
46.5
46.5
46.5
46.5
46.5
46.5
46.5
46.5
46.6
46.6
46.6
46.6
46.6
46.6
46.6
46.6
46.6
46.6
46.6
46.6
46.6
46.6
46.6
46.6
46.6
46.6
46.6
46.6
46.6
46.6
46.6
46.6
46.6
46.6
46.7
46.6
46.6
46.7
46.7
46.7
46.6
46.7
46.7
46.7
46.7
46.7
46.7
46.7
46.7
46.7
46.7
46.7
46.7
46.7
46.7
46.7
46.7
46.7
46.7
46.7
46.7
46.7
46.7
46.7
46.7
46.7
46.6
46.6
46.6
46.6
46.6
46.6
46.6
46.6
46.6
46.6
46.6
46.6
46.6
46.6
46.6
46.6
46.6
46.6
46.6
46.6
46.6
46.6
46.6
46.6
46.6
46.6
46.6
46.6
46.6
46.6
46.6
46.6
46.6
46.6
46.6
46.6
46.6
46.6
46.6
46.6
46.6
46.6
46.6
46.6
46.6
46.6
46.6
46.6
46.7
46.6
46.6
46.7
46.6
46.7
46.6
46.6
46.7
46.7
46.7
46.7
46.7
46.7
46.7
46.7
46.7
46.7
46.7
46.7
46.7
46.7
46.7
46.7
46.6
46.6
46.6
46.5
46.5
46.5
46.5
46.5
46.4
46.4
46.4
46.4
46.3
46.3
46.3
46.3
46.2
46.2
46.2
46.2
46.2
46.1
46.1
46.1
46.1
46.1
46.0
46.0
46.0
46.0
45.9
45.9
45.9
45.9
45.9
45.8
45.8
45.8
45.8
45.7
45.7
45.7
45.7
45.6
45.6
45.6
45.6
45.5
45.5
45.5
45.5
45.4
45.4
45.4
45.3
45.3
45.3
45.3
45.3
45.3
45.2
45.2
45.3
45.3
45.2
45.2
45.2
45.2
45.2
45.1
45.1
45.1
45.1
45.0
45.0
45.0
44.9
44.9
44.9
44.8
44.8
44.8
44.8
44.7
44.7
44.7
44.6
44.6
44.6
44.5
44.5
44.5
44.4
44.4
44.4
44.3
44.3
44.3
44.3
44.2
44.2
44.2
44.1
44.1
44.1
44.0
44.0
44.0
44.0
43.9
43.9
43.9
43.8
43.8
43.8
43.7
43.7
43.7
43.7
43.6
43.6
43.6
43.5
43.5
43.5
43.4
43.4
43.4
43.4
43.3
43.3
43.3
43.2
43.2
43.2
43.1
43.1
43.1
43.1
43.0
43.0
43.0
42.9
42.9
42.9
42.8
42.8
42.8
42.8
42.7
42.7
42.7
42.7
42.6
42.6
42.6
42.5
42.5
42.5
42.4
42.4
42.4
42.4
42.3
42.3
42.3
42.3
42.2
42.2
42.2
42.1
42.1
42.1
42.1
42.0
42.0
42.0
42.0
41.9
41.9
41.9
41.8
41.8
41.8
41.7
41.7
41.7
41.7
41.7
41.6
41.6
41.6
41.5
41.5
41.5
41.5
41.4
41.4
41.4
41.3
41.3
41.3
41.3
41.3
41.2
41.2
41.2
41.1
41.1
41.1
41.1
41.0
41.0
41.0
40.9
40.9
40.9
40.9
40.9
40.8
40.8
40.8
40.7
40.7
40.7
40.7
40.6
40.6
40.6
40.5
40.5
40.5
40.5
40.5
40.4
40.4
40.4
40.4
40.3
40.3
40.3
40.2
40.2
40.2
40.2
40.1
40.1
40.1
40.1
40.0
40.0
40.0
40.0
40.0
39.9
39.9
39.9
39.9
39.8
39.8
39.8
39.7
39.7
39.7
39.7
39.6
39.6
39.6
39.6
39.5
39.5
39.5
39.5
39.5
39.4
39.4
39.4
39.4
39.3
39.3
39.3
39.3
39.2
39.2
39.2
39.2
39.1
39.1
39.1
39.1
39.0
39.0
39.0
39.0
38.9
38.9
38.9
38.9
38.9
38.8
38.8
38.8
38.8
38.7
38.7
38.7
38.7
38.6
38.6
38.6
38.6
38.5
38.5
38.5
38.5
38.4
38.4
38.4
38.4
38.3
38.3
38.3
38.3
38.3
38.2
38.2
38.2
38.2
38.2
38.1
38.1
38.1
38.1
38.0
38.0
38.0
38.0
37.9
37.9
37.9
37.9
37.9
37.8
37.8
37.8
37.8
37.7
37.7
37.7
37.7
37.6
37.6
37.6
37.6
37.6
37.5
37.5
37.5
37.5
37.4
37.4
37.4
37.4
37.4
37.3
37.3
37.3
37.3
37.3
37.2
37.2
37.2
37.2
37.2
37.1
37.1
37.1
37.1
37.0
37.0
37.0
37.0
37.0
36.9
36.9
36.9
36.9
36.8
36.8
36.8
36.8
36.8
36.7
36.7
36.7
36.7
36.7
36.6
36.6
36.6
36.6
36.5
36.5
36.5
36.5
36.5
36.4
36.4
36.4
36.4
36.4
36.3
36.3
36.3
36.3
36.3
36.2
36.2
36.2
36.2
36.1
36.1
