0.0
0.2
0.4
0.6
0.9
2.1
2.2
3.2
5.0
6.9
11.0
11.0
11.8
11.8
11.6
11.6
9.9
11.4
11.4
12.3
12.3
12.3
12.3
12.3
12.3
12.3
12.3
12.3
12.3
12.3
12.3
12.3
12.3
12.3
12.3
12.4
17.3
27.4
29.9
29.9
29.9
30.3
30.4
30.4
30.4
30.6
33.9
34.0
34.0
34.0
34.0
34.0
34.0
33.9
34.4
35.7
39.6
39.6
39.6
39.6
39.7
39.7
39.7
39.7
39.7
39.7
39.9
40.3
40.3
40.3
40.3
40.3
40.3
40.3
40.3
40.3
40.3
40.3
40.3
40.3
40.3
40.3
40.3
40.3
40.3
40.3
40.3
40.3
40.3
40.3
40.3
40.3
40.3
40.3
40.3
40.3
40.3
40.3
40.3
40.3
40.3
40.3
40.3
40.3
40.3
40.3
40.3
40.3
40.3
40.3
40.3
40.3
40.3
40.3
40.3
40.3
40.3
40.3
40.3
40.3
40.3
40.3
40.3
40.3
40.3
40.3
40.3
40.3
40.3
40.3
40.3
40.3
40.3
40.3
40.3
40.3
40.3
40.3
40.3
40.3
40.3
40.3
40.3
40.3
40.3
40.3
40.3
40.3
40.3
40.3
40.3
40.3
40.3
40.3
40.3
40.3
40.3
40.3
40.3
40.3
40.3
40.3
40.3
40.3
40.3
40.3
40.3
40.3
40.3
40.3
40.3
40.3
40.3
40.3
40.3
40.3
40.3
40.3
40.3
40.3
40.3
40.3
40.3
40.3
40.3
40.3
40.3
40.3
40.3
40.3
40.3
40.3
40.3
40.3
40.3
40.3
40.3
40.3
40.3
40.3
40.3
40.3
40.3
40.3
40.3
40.3
40.3
40.3
40.3
40.3
40.3
40.3
40.3
40.3
40.3
40.3
40.3
40.3
40.3
40.3
40.3
40.3
40.3
40.3
40.3
40.3
40.3
40.3
40.3
40.3
40.3
40.3
40.3
40.3
40.3
40.3
40.3
40.3
40.3
40.3
40.3
40.3
40.3
40.3
40.3
40.3
40.3
40.3
40.3
40.3
40.3
40.3
40.3
40.3
40.3
40.3
40.3
40.3
40.3
40.3
40.3
40.3
40.3
40.3
40.3
40.3
40.3
40.3
40.3
40.3
40.3
40.3
40.3
40.3
40.3
40.3
40.3
40.3
40.3
40.3
40.3
40.3
40.3
40.3
40.3
40.3
40.3
40.3
40.3
40.3
40.3
40.3
40.3
40.3
40.3
40.3
40.3
40.3
40.3
40.3
40.3
40.3
40.3
40.3
40.3
40.3
40.3
40.3
40.3
40.3
40.3
40.3
40.3
40.3
40.3
40.3
40.3
40.3
40.3
40.3
40.3
40.3
40.3
40.3
40.3
40.3
40.3
40.3
40.3
40.3
40.3
40.3
40.3
40.3
40.3
40.3
40.3
40.3
40.3
40.3
40.3
40.3
40.3
40.3
40.3
40.3
40.3
40.3
40.3
40.3
40.3
40.3
40.3
40.3
40.3
40.3
40.3
40.3
40.3
40.3
40.3
40.3
40.3
40.3
40.3
40.3
40.3
40.3
40.3
40.3
40.3
40.3
40.3
40.3
40.3
40.3
40.3
40.3
40.3
40.3
40.3
40.3
40.3
40.3
40.3
40.3
40.3
40.3
40.3
40.3
40.3
40.3
40.3
40.3
40.3
40.3
40.3
40.3
40.3
40.3
40.3
40.3
40.3
40.3
40.3
40.3
40.3
40.3
40.3
40.3
40.3
40.3
40.3
40.3
40.3
40.3
40.4
42.1
43.5
43.5
43.5
45.4
45.4
53.5
53.5
53.5
53.5
53.5
53.5
53.5
53.5
53.5
53.5
53.5
53.5
53.5
53.5
53.5
53.5
53.5
53.5
53.5
53.5
53.5
53.5
53.5
53.5
53.5
53.5
53.5
53.5
53.5
53.5
53.5
53.5
53.5
53.5
53.5
53.5
53.5
53.5
53.5
53.5
53.5
53.5
53.5
53.5
53.5
53.5
53.5
53.5
53.5
53.5
53.5
53.5
53.5
53.5
53.5
53.5
53.5
53.5
53.5
53.5
53.5
53.5
53.5
53.5
53.5
53.5
53.5
53.5
53.5
53.5
53.5
53.5
53.5
53.5
53.5
53.5
53.5
53.5
53.5
53.5
53.5
53.5
53.5
53.5
53.5
53.5
53.5
53.5
53.5
53.5
53.5
53.5
53.5
53.5
53.5
53.5
53.5
53.5
53.5
53.5
53.5
53.5
53.5
53.5
53.5
53.5
53.5
53.5
53.5
53.5
53.5
53.5
53.5
53.5
53.5
53.5
53.5
53.5
53.5
53.5
53.5
53.5
53.5
53.5
53.5
53.5
53.5
53.5
53.5
53.5
53.5
53.5
53.5
53.5
53.5
53.5
53.5
53.5
53.5
53.5
53.5
53.5
53.5
53.5
53.5
53.5
53.5
53.5
53.5
53.5
53.5
53.5
53.5
53.5
53.5
53.5
53.5
53.5
53.5
53.5
53.5
53.5
53.5
53.5
53.5
53.5
53.5
53.5
53.5
53.5
53.5
53.5
53.5
53.5
53.5
53.5
53.5
53.5
53.5
53.5
53.5
53.5
53.5
53.5
53.5
53.5
53.5
53.5
53.5
53.5
53.5
53.5
53.5
53.5
53.5
53.5
53.5
53.5
53.5
53.5
53.5
53.5
53.5
53.5
53.5
53.5
53.5
53.5
53.5
53.5
53.5
53.5
53.5
53.5
53.5
53.5
53.5
53.5
53.5
53.5
53.5
53.5
53.5
53.5
53.5
53.5
53.5
53.5
53.5
53.5
53.5
53.5
53.5
53.5
53.5
53.5
53.5
53.5
53.5
53.5
53.5
53.5
53.5
53.5
53.5
53.5
53.5
53.5
53.5
53.5
53.5
53.5
53.5
53.5
53.5
53.5
53.5
53.5
53.5
53.5
53.5
53.5
53.5
53.5
53.5
53.5
53.5
53.5
53.5
53.5
53.5
53.5
53.5
53.5
53.5
53.5
53.5
53.5
53.5
53.5
53.5
53.5
53.5
53.5
53.5
53.5
53.5
53.5
53.5
53.5
53.5
53.5
53.5
53.5
53.5
53.5
53.5
53.5
53.5
53.5
53.5
53.5
53.5
53.5
53.5
53.5
53.5
53.5
53.5
53.5
53.5
53.5
53.5
53.5
53.5
53.5
53.5
53.5
53.5
53.5
53.5
53.5
53.5
53.5
53.5
53.5
53.5
53.5
53.5
53.5
53.5
53.5
53.5
53.5
53.5
53.5
53.5
53.5
53.5
53.5
53.5
53.5
53.5
54.1
54.4
54.4
54.4
54.4
54.4
54.4
54.4
55.0
56.2
58.3
58.3
58.3
58.3
58.3
58.3
58.3
58.3
58.3
58.4
57.8
57.8
57.8
57.8
57.8
57.8
57.8
57.8
57.8
57.8
57.8
57.8
57.8
57.8
57.8
57.8
57.8
57.8
57.8
57.8
57.8
57.8
57.8
57.8
57.8
57.8
57.8
57.8
57.8
57.8
57.8
57.8
57.8
57.8
57.8
57.8
57.8
57.8
57.8
57.8
57.8
57.8
57.8
57.8
57.8
57.8
57.8
57.8
57.8
57.8
57.8
57.8
57.8
57.8
57.8
57.8
57.8
57.8
57.8
57.8
57.8
57.8
57.8
57.8
57.8
57.8
57.8
57.8
57.8
57.8
57.8
57.8
57.8
57.8
57.8
57.8
57.8
57.8
57.8
57.8
57.8
57.8
57.8
57.8
57.8
57.8
57.8
57.8
57.8
57.8
57.8
57.8
57.8
57.8
57.8
57.8
57.8
57.8
57.8
57.8
57.8
57.8
57.8
57.8
57.8
57.8
57.8
57.8
57.8
57.8
57.8
57.8
57.8
57.8
57.8
57.8
57.8
57.8
57.8
57.8
57.8
57.8
57.8
57.8
57.8
57.8
57.8
57.8
57.8
57.8
57.8
57.8
57.8
57.8
57.8
57.8
57.8
57.8
57.8
57.8
57.8
57.8
57.8
57.8
57.8
57.8
57.8
57.8
57.8
57.8
57.8
57.8
57.8
57.8
57.8
57.8
57.8
57.8
57.8
57.8
57.8
57.8
57.8
57.8
57.8
57.8
57.8
57.8
57.8
57.8
57.8
57.8
57.8
57.8
57.8
57.8
57.8
57.8
57.8
57.8
57.8
57.8
57.8
57.8
57.8
57.8
57.8
57.8
57.8
57.8
57.8
57.8
57.8
57.8
57.8
57.8
57.8
57.8
57.8
57.8
57.8
57.8
57.8
57.8
57.8
57.8
57.8
57.8
57.8
57.8
57.8
57.8
57.8
57.8
57.8
57.8
57.8
57.8
57.8
57.8
57.8
57.8
57.8
57.8
57.8
57.8
57.8
57.8
57.8
57.8
57.8
57.8
57.8
57.8
57.8
57.8
57.8
57.8
57.8
57.8
57.8
57.8
57.8
57.8
57.8
57.8
57.8
57.8
57.8
57.8
57.8
57.8
57.8
57.8
57.8
57.8
57.8
57.8
57.8
57.8
57.8
57.8
57.8
57.8
57.8
57.8
57.8
57.8
57.8
57.8
57.8
57.8
57.8
57.8
57.8
57.8
57.8
57.8
57.8
57.8
57.8
57.8
57.8
57.8
57.8
57.8
57.8
57.8
57.8
57.8
57.8
57.8
57.8
57.8
57.8
57.8
57.8
57.8
57.8
57.8
57.8
57.8
57.8
57.8
57.8
57.8
57.8
57.8
57.8
57.8
57.8
57.8
57.8
57.8
57.8
57.8
57.8
57.8
57.8
57.8
57.8
57.8
57.8
57.8
57.8
57.8
57.8
57.8
57.8
57.8
57.8
57.8
57.8
57.8
57.8
57.8
57.8
57.8
57.8
57.8
57.8
57.8
57.8
57.8
57.8
57.9
57.9
57.9
57.9
57.9
57.9
57.9
57.9
57.9
57.9
57.9
57.9
57.9
57.9
57.9
57.9
57.9
57.9
57.9
57.9
57.9
57.9
57.9
57.9
57.9
57.9
57.9
57.9
57.9
57.9
57.9
57.9
57.9
57.9
57.9
57.9
57.9
57.9
57.9
57.9
57.9
57.9
57.9
57.9
57.9
57.9
57.9
57.9
57.9
57.9
57.9
57.9
57.9
57.9
57.9
57.9
57.9
57.9
57.9
57.9
57.9
57.9
57.9
57.9
57.9
57.9
57.9
57.9
57.9
57.9
57.9
57.9
57.9
57.9
57.9
57.9
57.9
57.9
57.9
57.9
57.9
57.9
57.9
57.9
57.9
57.9
57.8
57.8
57.8
57.8
57.8
57.8
57.8
57.8
57.8
57.8
57.8
57.8
57.8
57.8
57.8
57.8
57.8
57.8
57.8
57.8
57.8
57.8
57.8
57.8
57.8
57.8
57.8
57.8
57.8
57.8
57.8
57.8
57.8
57.8
57.8
57.8
57.8
57.8
57.8
57.8
57.8
57.8
57.8
57.8
57.8
57.8
57.8
57.8
57.8
57.8
57.8
57.8
57.8
57.8
57.8
57.8
57.8
57.8
57.8
57.8
57.8
57.8
57.8
57.8
57.8
57.8
57.8
57.8
57.8
57.8
57.8
57.8
57.8
57.8
57.8
57.8
57.8
57.8
57.8
57.8
57.8
57.8
57.8
57.8
57.8
57.8
57.8
57.8
57.8
57.8
57.8
57.8
57.8
57.8
57.8
57.8
57.8
57.8
57.8
57.8
57.8
57.8
57.8
57.8
57.8
57.8
57.8
57.8
57.8
57.8
57.8
57.8
57.8
57.8
57.8
57.8
57.8
57.8
57.8
57.8
57.8
57.8
57.8
57.8
57.8
57.8
57.8
57.8
57.8
57.8
57.8
57.8
57.8
57.8
57.8
57.8
57.8
57.8
57.8
57.8
57.8
57.8
57.8
57.8
57.8
57.8
57.8
57.8
57.8
57.8
57.8
57.8
57.8
57.8
57.8
57.8
57.8
57.8
57.8
57.8
57.8
57.8
57.8
57.8
57.8
57.8
57.8
57.8
57.8
57.8
57.8
57.8
57.8
57.8
57.8
57.8
57.8
57.8
57.8
57.8
57.8
57.8
57.8
57.8
57.8
57.8
57.8
57.8
57.8
57.8
57.8
57.8
57.8
57.8
57.8
57.8
57.8
57.8
57.8
57.8
57.8
57.8
57.8
57.8
57.8
57.8
57.8
57.8
57.8
57.8
57.8
57.8
57.8
57.8
57.8
57.8
57.8
57.8
57.8
57.8
57.8
57.8
57.8
57.8
57.8
57.8
57.8
57.8
57.8
57.8
57.8
57.8
57.8
57.8
57.8
57.8
57.8
57.8
57.8
57.8
57.8
57.8
57.8
57.8
57.8
57.8
57.8
57.8
57.8
57.8
57.8
57.8
57.8
57.8
57.8
57.8
57.8
57.8
57.8
57.8
57.8
57.8
57.8
57.8
57.8
57.8
57.8
57.8
57.8
57.8
57.8
57.8
57.8
57.8
57.8
57.8
57.8
57.8
57.8
57.8
57.8
57.8
57.8
57.8
57.8
57.8
57.8
57.8
57.8
57.8
57.8
57.8
57.8
57.8
57.8
57.8
57.8
57.8
57.8
57.8
57.8
57.8
57.8
57.8
57.8
57.8
57.8
57.8
57.8
57.8
57.8
57.8
57.8
57.8
57.8
57.8
57.8
57.8
57.8
57.8
57.8
57.8
57.8
57.8
57.8
57.8
57.8
57.8
57.8
57.8
57.8
57.8
57.8
57.8
57.8
57.8
57.8
57.8
57.8
57.8
57.8
57.8
57.8
