 0.7 45.3
776
 0.7 45.3
776
 0.7 45.3
776
 0.7 45.3
776
 0.7 45.3
776
 0.7 45.3
776
 0.8 45.3
776
 0.8 45.3
776
 0.8 45.3
776
 0.8 45.3
776
 0.8 45.3
776
 0.8 45.3
776
 0.8 45.3
776
 0.8 45.3
776
 0.8 45.3
776
 0.8 45.3
776
 0.8 45.3
776
 0.9 45.3
776
 0.9 45.3
776
 0.9 45.3
776
 0.9 45.3
776
 0.9 45.3
776
 0.9 45.3
776
 0.9 45.3
776
 0.9 45.3
776
 0.9 45.3
776
 0.9 45.3
776
 0.9 45.3
776
 1.0 45.3
776
 1.0 45.3
776
 1.0 45.3
776
 1.0 45.4
776
 1.0 45.4
776
 1.0 45.4
776
 1.0 45.4
776
 1.0 45.4
776
 1.0 43.9
776
