 0.0  3.7
719
 0.0  5.4
719
 0.0  7.7
719
 0.0  7.8
719
 0.1  8.1
719
 0.1  8.9
719
 0.1 14.7
719
 0.2 14.7
719
 0.3 19.8
719
 0.5 24.6
719
 0.5 29.7
719
 0.7 32.5
719
 1.0 42.5
719
 1.2 43.6
719
 1.3 43.7
719
 1.5 47.9
719
 1.7 49.2
719
 1.8 49.3
719
 2.0 49.3
719
 2.2 49.3
719
 2.2 49.3
719
 2.5 50.2
719
 2.6 50.2
719
 2.7 50.2
719
 2.8 50.2
719
 3.0 50.2
719
 3.0 50.2
719
 3.1 50.2
719
 3.2 50.2
719
 3.3 50.2
719
 3.4 50.2
719
 3.5 50.2
719
 3.6 50.2
719
 3.7 50.2
719
 3.8 50.2
719
 3.8 50.2
719
 3.9 50.2
719
 4.0 50.2
719
 4.1 50.2
719
 4.1 50.2
719
 4.2 50.2
719
 4.3 50.2
719
 4.4 50.2
719
 4.5 50.2
719
 4.5 50.2
719
 4.6 50.2
719
 4.7 50.2
719
 4.8 49.1
719
 4.8 49.1
719
 4.9 49.1
719
 5.0 49.1
719
 5.1 49.1
719
 5.2 49.1
719
 5.2 49.1
719
 5.4 49.1
719
 5.5 49.1
719
 5.5 49.1
719
 5.6 49.1
719
 5.6 49.1
719
 5.7 49.1
719
 5.8 49.1
719
 5.8 49.1
719
 5.8 49.1
719
 5.9 49.1
719
 6.0 49.1
719
 6.0 49.1
719
 6.1 49.1
719
 6.1 49.1
719
 6.1 49.1
719
 6.3 49.1
719
 6.3 49.1
719
 6.4 49.1
719
 6.4 49.1
719
 6.5 49.1
719
 6.5 49.1
719
 6.6 49.1
719
 6.7 49.2
719
 6.7 49.2
719
 6.9 49.2
719
 6.9 49.2
719
 6.9 49.2
719
 7.0 49.2
719
 7.0 49.2
719
 7.0 49.2
719
 7.1 49.2
719
 7.1 49.2
719
 7.1 49.2
719
 7.1 49.2
719
 7.1 49.2
719
 7.2 49.2
719
 7.2 49.2
719
 7.2 49.2
719
 7.2 49.2
719
 7.2 49.2
719
 7.2 49.2
719
 7.2 49.2
719
 7.3 49.2
719
 7.3 49.2
719
 7.3 49.2
719
 7.3 49.2
719
 7.3 49.2
719
 7.4 49.2
719
 7.4 49.2
719
 7.4 49.2
719
 7.5 49.2
719
 7.6 49.2
719
 7.6 49.2
719
 7.7 49.2
719
 7.7 49.2
719
 7.8 49.2
719
 7.8 49.2
719
 7.9 49.2
719
 7.9 49.2
719
 8.0 49.2
719
 8.1 49.2
719
 8.1 49.2
719
 8.1 49.2
719
 8.1 49.2
719
 8.2 49.2
719
 8.2 49.2
719
 8.2 49.2
719
 8.3 49.2
719
 8.3 49.2
719
 8.3 49.2
719
 8.4 49.2
719
 8.4 49.2
719
 8.4 49.2
719
 8.5 49.2
719
 8.6 49.2
719
 8.6 49.2
719
 8.7 49.2
719
 8.7 49.2
719
 8.7 49.2
719
 8.8 49.2
719
 8.9 49.2
719
 8.9 49.2
719
 8.9 49.2
719
 9.0 49.2
719
 9.0 49.2
719
 9.0 49.2
719
 9.0 49.2
719
 9.0 49.2
719
 9.1 49.2
719
 9.1 49.2
719
 9.1 49.2
719
 9.0 49.2
719
 9.0 49.2
719
 9.0 49.2
719
 9.0 49.2
719
 9.0 49.2
719
 9.0 49.2
719
 8.9 49.2
719
 8.9 49.2
719
 8.9 49.2
719
 8.9 49.2
719
 8.8 49.2
719
 8.8 49.2
719
 8.8 49.2
719
 8.8 49.2
719
 8.7 49.2
719
 8.7 49.2
719
 8.7 49.2
719
 8.7 49.2
719
 8.7 49.2
719
 8.6 49.2
719
 8.6 49.2
719
 8.6 49.2
719
 8.6 49.2
719
 8.5 49.2
719
 8.5 49.2
719
 8.5 49.2
719
 8.5 49.2
719
 8.5 49.2
719
 8.4 49.2
719
 8.4 49.2
719
 8.4 49.2
719
 8.4 49.2
719
 8.3 49.2
719
 8.3 49.2
719
 8.3 49.2
719
 8.3 49.2
719
 8.2 49.2
719
 8.2 49.2
719
 8.2 49.2
719
 8.2 49.2
719
 8.2 49.2
719
 8.1 49.2
719
 8.1 49.2
719
 8.1 49.2
719
 8.1 49.2
719
 8.1 49.2
719
 8.0 49.2
719
 8.0 49.2
719
 8.0 49.2
719
 8.0 49.2
719
 8.0 49.2
719
