0.0
0.0
0.0
6.7
6.7
0.0
0.0
20.0
0.0
46.7
0.0
0.0
0.0
12.5
0.0
13.3
93.3
100.0
46.7
0.0
0.0
0.0
0.0
0.0
0.0
0.0
0.0
0.0
0.0
6.7
0.0
0.0
0.0
20.0
12.5
18.8
100.0
93.8
93.3
20.0
6.7
0.0
0.0
0.0
13.3
100.0
46.7
0.0
100.0
0.0
0.0
0.0
0.0
33.3
86.7
100.0
26.7
100.0
20.0
100.0
0.0
0.0
100.0
60.0
66.7
100.0
40.0
100.0
6.7
100.0
100.0
0.0
20.0
106.7
100.0
0.0
0.0
0.0
60.0
100.0
86.7
0.0
20.0
86.7
80.0
93.3
75.0
20.0
0.0
40.0
100.0
100.0
25.0
0.0
0.0
100.0
20.0
0.0
13.3
100.0
100.0
0.0
0.0
60.0
100.0
100.0
106.7
0.0
6.7
100.0
86.7
0.0
20.0
20.0
100.0
100.0
0.0
0.0
0.0
0.0
100.0
100.0
0.0
13.3
0.0
93.3
100.0
20.0
0.0
6.7
87.5
93.8
100.0
33.3
0.0
0.0
100.0
87.5
73.3
20.0
0.0
0.0
100.0
100.0
86.7
0.0
0.0
18.8
100.0
93.3
100.0
100.0
6.2
25.0
40.0
100.0
100.0
12.5
40.0
87.5
100.0
93.3
0.0
0.0
100.0
60.0
0.0
0.0
100.0
100.0
46.7
0.0
6.7
0.0
100.0
100.0
0.0
0.0
60.0
100.0
93.3
6.2
0.0
60.0
100.0
6.7
0.0
81.2
100.0
0.0
0.0
0.0
106.7
100.0
0.0
20.0
0.0
100.0
100.0
0.0
0.0
0.0
93.3
93.3
13.3
66.7
100.0
100.0
0.0
0.0
46.7
93.8
66.7
26.7
20.0
0.0
100.0
86.7
0.0
0.0
100.0
60.0
0.0
6.7
100.0
100.0
13.3
0.0
106.7
93.3
86.7
0.0
100.0
100.0
73.3
0.0
60.0
100.0
66.7
0.0
0.0
93.3
0.0
20.0
100.0
100.0
93.3
13.3
0.0
0.0
12.5
93.3
100.0
0.0
0.0
0.0
20.0
106.7
93.3
100.0
0.0
0.0
0.0
13.3
6.7
100.0
93.3
13.3
0.0
93.8
93.8
73.3
13.3
0.0
0.0
0.0
93.3
93.8
86.7
0.0
0.0
0.0
66.7
100.0
100.0
0.0
0.0
20.0
100.0
53.3
0.0
0.0
0.0
93.8
73.3
0.0
6.7
100.0
100.0
6.7
0.0
20.0
26.7
0.0
100.0
50.0
0.0
0.0
0.0
93.3
100.0
100.0
0.0
0.0
13.3
100.0
73.3
0.0
60.0
100.0
87.5
93.3
13.3
26.7
100.0
93.3
66.7
0.0
0.0
0.0
0.0
100.0
100.0
80.0
0.0
0.0
66.7
100.0
0.0
0.0
0.0
0.0
53.3
100.0
56.2
0.0
0.0
93.8
100.0
100.0
66.7
0.0
0.0
93.8
100.0
0.0
0.0
0.0
26.7
0.0
100.0
100.0
0.0
46.7
100.0
100.0
0.0
0.0
40.0
100.0
0.0
0.0
0.0
6.7
0.0
93.3
93.3
87.5
0.0
0.0
25.0
93.8
100.0
100.0
0.0
0.0
0.0
40.0
100.0
60.0
26.7
0.0
0.0
100.0
100.0
0.0
0.0
100.0
100.0
0.0
0.0
20.0
100.0
93.3
0.0
20.0
93.3
100.0
6.7
106.7
100.0
0.0
26.7
100.0
0.0
153.3
100.0
33.3
100.0
0.0
100.0
86.7
100.0
100.0
93.8
0.0
100.0
66.7
100.0
93.3
60.0
0.0
0.0
100.0
60.0
0.0
0.0
86.7
100.0
66.7
0.0
46.7
100.0
33.3
0.0
66.7
100.0
100.0
18.8
20.0
100.0
100.0
0.0
0.0
86.7
100.0
13.3
0.0
0.0
93.3
100.0
0.0
0.0
100.0
93.3
100.0
26.7
93.8
100.0
93.3
26.7
100.0
93.3
100.0
52.9
13.3
0.0
80.0
100.0
93.3
100.0
0.0
13.3
100.0
100.0
86.7
0.0
0.0
100.0
26.7
0.0
18.8
6.7
106.7
100.0
0.0
0.0
26.7
100.0
93.3
0.0
20.0
100.0
100.0
86.7
46.7
0.0
118.8
93.8
60.0
0.0
106.7
93.8
0.0
33.3
68.8
93.3
53.3
0.0
0.0
93.8
26.7
0.0
20.0
100.0
93.8
0.0
0.0
0.0
93.3
100.0
81.2
0.0
0.0
100.0
100.0
13.3
0.0
100.0
100.0
0.0
106.7
100.0
25.0
0.0
0.0
100.0
26.7
0.0
66.7
100.0
0.0
6.7
100.0
100.0
0.0
0.0
93.3
100.0
100.0
0.0
0.0
0.0
106.7
100.0
20.0
0.0
13.3
100.0
100.0
0.0
0.0
93.3
93.8
73.3
0.0
100.0
100.0
0.0
20.0
0.0
93.3
100.0
0.0
0.0
100.0
100.0
100.0
6.7
0.0
0.0
87.5
80.0
33.3
0.0
18.8
100.0
100.0
46.7
0.0
0.0
40.0
93.3
93.3
0.0
0.0
100.0
100.0
80.0
0.0
86.7
100.0
20.0
25.0
46.7
100.0
100.0
0.0
6.7
100.0
100.0
0.0
0.0
93.8
66.7
0.0
100.0
100.0
100.0
0.0
0.0
73.3
100.0
93.3
100.0
53.3
0.0
37.5
100.0
33.3
6.7
0.0
100.0
100.0
20.0
0.0
100.0
100.0
0.0
0.0
93.3
93.3
93.3
6.7
26.7
93.3
93.3
20.0
26.7
0.0
0.0
0.0
100.0
86.7
20.0
0.0
100.0
100.0
0.0
0.0
0.0
100.0
100.0
25.0
0.0
0.0
0.0
100.0
100.0
26.7
26.7
0.0
86.7
93.8
100.0
100.0
0.0
6.7
0.0
93.3
93.3
0.0
0.0
26.7
100.0
0.0
20.0
100.0
100.0
0.0
0.0
100.0
100.0
0.0
0.0
6.7
100.0
100.0
0.0
20.0
100.0
100.0
6.7
0.0
0.0
100.0
100.0
93.8
93.3
0.0
18.8
100.0
53.3
40.0
0.0
0.0
6.7
93.3
93.8
100.0
100.0
73.3
18.8
100.0
100.0
100.0
13.3
0.0
93.3
93.8
26.7
106.2
100.0
0.0
0.0
100.0
100.0
13.3
0.0
20.0
100.0
100.0
73.3
0.0
0.0
86.7
100.0
66.7
0.0
13.3
100.0
81.2
33.3
0.0
93.8
100.0
0.0
86.7
93.3
0.0
93.3
80.0
0.0
100.0
0.0
100.0
26.7
100.0
0.0
100.0
80.0
93.3
60.0
160.0
100.0
100.0
100.0
0.0
100.0
6.7
26.7
100.0
100.0
0.0
26.7
100.0
100.0
20.0
0.0
0.0
6.7
100.0
93.3
86.7
26.7
26.7
93.3
93.3
0.0
0.0
0.0
100.0
29.4
0.0
93.3
100.0
33.3
0.0
26.7
100.0
33.3
0.0
100.0
100.0
93.3
20.0
0.0
93.8
100.0
0.0
0.0
100.0
6.7
0.0
100.0
100.0
0.0
6.7
87.5
0.0
0.0
0.0
93.8
0.0
0.0
20.0
13.3
100.0
100.0
0.0
0.0
86.7
100.0
93.3
0.0
0.0
0.0
100.0
100.0
0.0
0.0
0.0
93.8
100.0
80.0
20.0
0.0
80.0
100.0
100.0
0.0
0.0
100.0
87.5
93.3
0.0
46.7
100.0
100.0
0.0
13.3
93.3
100.0
0.0
26.7
100.0
100.0
0.0
6.7
93.3
100.0
20.0
0.0
80.0
100.0
0.0
0.0
100.0
50.0
0.0
80.0
100.0
100.0
0.0
0.0
73.3
100.0
6.7
106.7
100.0
13.3
0.0
86.7
100.0
73.3
0.0
73.3
100.0
46.7
81.2
100.0
46.7
20.0
0.0
100.0
93.3
0.0
13.3
100.0
100.0
0.0
93.3
100.0
100.0
0.0
26.7
50.0
93.8
26.7
100.0
93.3
100.0
0.0
0.0
93.3
100.0
93.3
6.7
0.0
0.0
0.0
100.0
93.3
53.3
13.3
0.0
93.3
100.0
20.0
0.0
0.0
100.0
93.8
46.7
0.0
0.0
93.8
26.7
26.7
0.0
100.0
6.2
0.0
0.0
100.0
100.0
0.0
0.0
100.0
100.0
100.0
0.0
20.0
13.3
6.7
100.0
93.3
0.0
0.0
6.7
100.0
93.3
0.0
0.0
0.0
86.7
100.0
100.0
13.3
0.0
26.7
100.0
93.8
0.0
13.3
100.0
0.0
0.0
80.0
93.8
0.0
0.0
0.0
100.0
100.0
0.0
13.3
20.0
100.0
0.0
0.0
100.0
100.0
93.3
100.0
0.0
0.0
93.3
93.3
0.0
80.0
100.0
0.0
0.0
60.0
100.0
18.8
37.5
60.0
100.0
87.5
13.3
53.3
100.0
100.0
0.0
0.0
100.0
100.0
0.0
0.0
112.5
100.0
100.0
31.2
0.0
0.0
0.0
93.8
0.0
0.0
0.0
73.3
93.8
100.0
0.0
20.0
0.0
0.0
0.0
100.0
100.0
26.7
0.0
0.0
100.0
100.0
0.0
0.0
0.0
46.7
100.0
20.0
0.0
0.0
0.0
93.3
100.0
86.7
0.0
0.0
20.0
100.0
100.0
93.8
93.3
0.0
0.0
100.0
100.0
6.7
0.0
100.0
100.0
0.0
0.0
100.0
6.7
0.0
0.0
100.0
100.0
0.0
6.7
100.0
81.2
13.3
0.0
73.3
93.8
0.0
0.0
0.0
93.3
100.0
0.0
60.0
100.0
0.0
100.0
0.0
46.7
93.3
13.3
0.0
43.8
93.3
0.0
26.7
0.0
6.7
0.0
0.0
0.0
0.0
0.0
0.0
0.0
0.0
0.0
0.0
0.0
0.0
6.7
6.7
0.0
73.3
62.5
66.7
86.7
93.3
100.0
100.0
60.0
0.0
0.0
0.0
6.7
40.0
0.0
0.0
0.0
0.0
0.0
0.0
0.0
0.0
0.0
0.0
0.0
6.7
93.3
93.3
86.7
20.0
0.0
0.0
0.0
0.0
0.0
0.0
13.3
0.0
40.0
46.7
33.3
53.3
40.0
26.7
0.0
0.0
46.7
0.0
0.0
0.0
0.0
0.0
73.3
60.0
0.0
0.0
0.0
0.0
0.0
13.3
0.0
0.0
0.0
0.0
0.0
0.0
0.0
0.0
0.0
0.0
0.0
6.7
0.0
0.0
0.0
0.0
0.0
0.0
0.0
0.0
0.0
0.0
0.0
0.0
0.0
0.0
0.0
0.0
0.0
0.0
0.0
0.0
0.0
0.0
0.0
0.0
0.0
0.0
0.0
0.0
0.0
0.0
0.0
0.0
0.0
0.0
0.0
0.0
0.0
0.0
0.0
0.0
0.0
0.0
0.0
0.0
0.0
0.0
0.0
0.0
0.0
0.0
0.0
0.0
0.0
0.0
0.0
0.0
0.0
0.0
0.0
0.0
0.0
0.0
0.0
0.0
0.0
0.0
0.0
0.0
0.0
0.0
0.0
0.0
0.0
0.0
0.0
0.0
0.0
0.0
0.0
0.0
0.0
0.0
0.0
0.0
0.0
0.0
0.0
0.0
0.0
0.0
0.0
0.0
0.0
0.0
0.0
0.0
0.0
0.0
0.0
0.0
0.0
0.0
0.0
0.0
0.0
0.0
0.0
0.0
0.0
0.0
0.0
0.0
0.0
0.0
0.0
0.0
0.0
0.0
0.0
0.0
0.0
0.0
0.0
0.0
0.0
0.0
0.0
0.0
0.0
0.0
0.0
0.0
0.0
0.0
0.0
0.0
0.0
0.0
0.0
0.0
0.0
0.0
0.0
0.0
0.0
0.0
0.0
0.0
0.0
0.0
0.0
0.0
0.0
0.0
0.0
0.0
0.0
0.0
0.0
0.0
0.0
0.0
0.0
0.0
0.0
0.0
0.0
0.0
0.0
0.0
0.0
0.0
0.0
0.0
0.0
0.0
0.0
0.0
0.0
0.0
0.0
0.0
0.0
0.0
0.0
0.0
0.0
0.0
0.0
0.0
0.0
0.0
0.0
0.0
0.0
0.0
0.0
0.0
0.0
0.0
0.0
0.0
0.0
0.0
0.0
0.0
0.0
0.0
0.0
0.0
0.0
0.0
0.0
0.0
0.0
0.0
0.0
0.0
0.0
0.0
0.0
0.0
0.0
0.0
0.0
0.0
0.0
0.0
0.0
0.0
0.0
0.0
0.0
0.0
0.0
0.0
0.0
0.0
0.0
0.0
0.0
0.0
0.0
0.0
0.0
0.0
0.0
0.0
0.0
0.0
0.0
0.0
0.0
0.0
0.0
0.0
0.0
0.0
0.0
0.0
0.0
0.0
0.0
0.0
0.0
0.0
0.0
0.0
0.0
0.0
0.0
0.0
0.0
0.0
0.0
0.0
0.0
0.0
0.0
0.0
0.0
0.0
0.0
0.0
0.0
0.0
0.0
0.0
0.0
0.0
0.0
0.0
0.0
0.0
0.0
0.0
0.0
0.0
0.0
0.0
0.0
0.0
0.0
0.0
0.0
0.0
0.0
0.0
0.0
0.0
0.0
0.0
0.0
0.0
0.0
0.0
0.0
0.0
0.0
0.0
0.0
0.0
0.0
0.0
0.0
0.0
0.0
0.0
0.0
0.0
0.0
0.0
0.0
