0.0
0.2
0.4
0.6
0.9
2.1
2.2
3.3
5.0
6.7
11.0
11.0
11.8
11.8
11.7
11.7
11.7
11.4
11.5
12.3
12.3
12.3
12.3
12.3
12.3
12.3
12.3
12.3
12.3
12.3
12.3
12.3
12.3
12.3
12.3
12.5
16.1
26.4
30.0
30.0
30.0
30.4
30.4
30.4
30.4
30.7
33.9
34.1
34.1
34.1
34.1
34.1
34.1
33.9
34.2
35.8
39.6
39.6
39.7
39.7
39.7
39.7
39.7
39.7
39.7
39.7
39.8
40.4
40.4
40.4
40.4
40.4
40.4
40.4
40.4
40.4
40.4
40.4
40.4
40.4
40.4
40.4
40.4
40.4
40.4
40.4
40.4
40.4
40.4
40.4
40.4
40.4
40.4
40.4
40.4
40.4
40.4
40.4
40.4
40.4
40.4
40.4
40.4
40.4
40.4
40.4
40.4
40.4
40.4
40.4
40.4
40.4
40.4
40.4
40.4
40.4
40.4
40.4
40.4
40.4
40.4
40.4
40.4
40.4
40.4
40.4
40.4
40.4
40.4
40.4
40.4
40.4
40.4
40.4
40.4
40.4
40.4
40.4
40.4
40.4
40.4
40.4
40.4
40.4
40.4
40.4
40.4
40.4
40.4
40.4
40.4
40.4
40.4
40.4
40.4
40.4
40.4
40.4
40.4
40.4
40.4
40.4
40.4
40.4
40.4
40.4
40.4
40.4
40.4
40.4
40.4
40.4
40.4
40.4
40.4
40.4
40.4
40.4
40.4
40.4
40.4
40.4
40.4
40.4
40.4
40.4
40.4
40.4
40.4
40.4
40.4
40.4
40.4
40.4
40.4
40.4
40.4
40.4
40.4
40.4
40.4
40.4
40.4
40.4
40.4
40.4
40.4
40.4
40.4
40.4
40.4
40.4
40.4
40.4
40.4
40.4
40.4
40.4
40.4
40.4
40.4
40.4
40.4
40.4
40.4
40.4
40.4
40.4
40.4
40.4
40.4
40.4
40.4
40.4
40.4
40.4
40.4
40.4
40.4
40.4
40.4
40.4
40.4
40.4
40.4
40.4
40.4
40.4
40.4
40.4
40.4
40.4
40.4
40.4
40.4
40.4
40.4
40.4
40.4
40.4
40.4
40.4
40.4
40.4
40.4
40.4
40.4
40.4
40.4
40.4
40.4
40.4
40.4
40.4
40.4
40.4
40.4
40.4
40.4
40.4
40.4
40.4
40.4
40.4
40.4
40.4
40.4
40.4
40.4
40.4
40.4
40.4
40.4
40.4
40.4
40.4
40.4
40.4
40.4
40.4
40.4
40.4
40.4
40.4
40.4
40.4
40.4
40.4
40.4
40.4
40.4
40.4
40.4
40.4
40.4
40.4
40.4
40.4
40.4
40.4
40.4
40.4
40.4
40.4
40.4
40.4
40.4
40.4
40.4
40.4
40.4
40.4
40.4
40.4
40.4
40.4
40.4
40.4
40.4
40.4
40.4
40.4
40.4
40.4
40.4
40.4
40.4
40.4
40.4
40.4
40.4
40.4
40.4
40.4
40.4
40.4
40.4
40.4
40.4
40.4
40.4
40.4
40.4
40.4
40.4
40.4
40.4
40.4
40.4
40.4
40.4
40.4
40.4
40.4
40.4
40.4
40.4
40.4
40.4
40.4
40.4
40.4
40.4
40.4
40.4
40.4
40.4
40.4
40.4
40.4
40.4
40.4
40.4
40.4
40.4
40.4
40.4
40.4
40.4
40.4
40.4
40.4
40.4
40.4
40.4
40.4
40.4
40.4
40.4
40.4
40.4
40.4
40.4
40.4
40.4
40.4
40.5
41.7
43.6
43.6
43.6
45.4
45.4
53.6
53.6
53.6
53.6
53.6
53.6
53.6
53.6
53.6
53.6
53.6
53.6
53.6
53.6
53.6
53.6
53.6
53.6
53.6
53.6
53.6
53.6
53.6
53.6
53.6
53.6
53.6
53.6
53.6
53.6
53.6
53.6
53.6
53.6
53.6
53.6
53.6
53.6
53.6
53.6
53.6
53.6
53.6
53.6
53.6
53.6
53.6
53.6
53.6
53.6
53.6
53.6
53.6
53.6
53.6
53.6
53.6
53.6
53.6
53.6
53.6
53.6
53.6
53.6
53.6
53.6
53.6
53.6
53.6
53.6
53.6
53.6
53.6
53.6
53.6
53.6
53.6
53.6
53.6
53.6
53.6
53.6
53.6
53.6
53.6
53.6
53.6
53.6
53.6
53.6
53.6
53.6
53.6
53.6
53.6
53.6
53.6
53.6
53.6
53.6
53.6
53.6
53.6
53.6
53.6
53.6
53.6
53.6
53.6
53.6
53.6
53.6
53.6
53.6
53.6
53.6
53.6
53.6
53.6
53.6
53.6
53.6
53.6
53.6
53.6
53.6
53.6
53.6
53.6
53.6
53.6
53.6
53.6
53.6
53.6
53.6
53.6
53.6
53.6
53.6
53.6
53.6
53.6
53.6
53.6
53.6
53.6
53.6
53.6
53.6
53.6
53.6
53.6
53.6
53.6
53.6
53.6
53.6
53.6
53.6
53.6
53.6
53.6
53.6
53.6
53.6
53.6
53.6
53.6
53.6
53.6
53.6
53.6
53.6
53.6
53.6
53.6
53.6
53.6
53.6
53.6
53.6
53.6
53.6
53.6
53.6
53.6
53.6
53.6
53.6
53.6
53.6
53.6
53.6
53.6
53.6
53.6
53.6
53.6
53.6
53.6
53.6
53.6
53.6
53.6
53.6
53.6
53.6
53.6
53.6
53.6
53.6
53.6
53.6
53.6
53.6
53.6
53.6
53.6
53.6
53.6
53.6
53.6
53.6
53.6
53.6
53.6
53.6
53.6
53.6
53.6
53.6
53.6
53.6
53.6
53.6
53.6
53.6
53.6
53.6
53.6
53.6
53.6
53.6
53.6
53.6
53.6
53.6
53.6
53.6
53.6
53.6
53.6
53.6
53.6
53.6
53.6
53.6
53.6
53.6
53.6
53.6
53.6
53.6
53.6
53.6
53.6
53.6
53.6
53.6
53.6
53.6
53.6
53.6
53.6
53.6
53.6
53.6
53.6
53.6
53.6
53.6
53.6
53.6
53.6
53.6
53.6
53.6
53.6
53.6
53.6
53.6
53.6
53.6
53.6
53.6
53.6
53.6
53.6
53.6
53.6
53.6
53.6
53.6
53.6
53.6
53.6
53.6
53.6
53.6
53.6
53.6
53.6
53.6
53.6
53.6
53.6
53.6
53.6
53.6
53.6
53.6
53.6
53.6
53.6
53.6
53.6
53.6
53.6
53.6
53.6
53.6
53.6
53.6
53.6
53.6
53.6
53.6
53.6
53.6
53.6
53.6
53.6
54.2
54.2
54.5
54.5
54.5
54.5
54.5
54.5
55.1
56.3
58.4
58.4
58.4
58.4
58.4
58.4
58.4
58.4
58.4
58.4
57.9
57.9
57.9
57.9
57.9
57.9
57.9
57.9
57.9
57.9
57.9
57.9
57.9
57.9
57.9
57.9
57.9
57.9
57.9
57.9
57.9
57.9
57.9
57.9
57.9
57.9
57.9
57.9
57.9
57.9
57.9
57.9
57.9
57.9
57.9
57.9
57.9
57.9
57.9
57.9
57.9
57.9
57.9
57.9
57.9
57.9
57.9
57.9
57.9
57.9
57.9
57.9
57.9
57.9
57.9
57.9
57.9
57.9
57.9
57.9
57.9
57.9
57.9
57.9
57.9
57.9
57.9
57.9
57.9
57.9
57.9
57.9
57.9
57.9
57.9
57.9
57.9
57.9
57.9
57.9
57.9
57.9
57.9
57.9
57.9
57.9
57.9
57.9
57.9
57.9
57.9
57.9
57.9
57.9
57.9
57.9
57.9
57.9
57.9
57.9
57.9
57.9
57.9
57.9
57.9
57.9
57.9
57.9
57.9
57.9
57.9
57.9
57.9
57.9
57.9
57.9
57.9
57.9
57.9
57.9
57.9
57.9
57.9
57.9
57.9
57.9
57.9
57.9
57.9
57.9
57.9
57.9
57.9
57.9
57.9
57.9
57.9
57.9
57.9
57.9
57.9
57.9
57.9
57.9
57.9
57.9
57.9
57.9
57.9
57.9
57.9
57.9
57.9
57.9
57.9
57.9
57.9
57.9
57.9
57.9
57.9
57.9
57.9
57.9
57.9
57.9
57.9
57.9
57.9
57.9
57.9
57.9
57.9
57.9
57.9
57.9
57.9
57.9
57.9
57.9
57.9
57.9
57.9
57.9
57.9
57.9
57.9
57.9
57.9
57.9
57.9
57.9
57.9
57.9
57.9
57.9
57.9
57.9
57.9
57.9
57.9
57.9
57.9
57.9
57.9
57.9
57.9
57.9
57.9
57.9
57.9
57.9
57.9
57.9
57.9
57.9
57.9
57.9
57.9
57.9
57.9
57.9
57.9
57.9
57.9
57.9
57.9
57.9
57.9
57.9
57.9
57.9
57.9
57.9
57.9
57.9
57.9
57.9
57.9
57.9
57.9
57.9
57.9
57.9
57.9
57.9
57.9
57.9
57.9
57.9
57.9
57.9
57.9
57.9
57.9
57.9
57.9
57.9
57.9
57.9
57.9
57.9
57.9
57.9
57.9
57.9
57.9
57.9
57.9
57.9
57.9
57.9
57.9
57.9
57.9
57.9
57.9
57.9
57.9
57.9
57.9
57.9
57.9
57.9
57.9
57.9
57.9
57.9
57.9
57.9
57.9
57.9
57.9
57.9
57.9
57.9
57.9
57.9
57.9
57.9
57.9
57.9
57.9
57.9
57.9
57.9
57.9
57.9
57.9
57.9
57.9
57.9
57.9
57.9
57.9
57.9
57.9
57.9
57.9
57.9
57.9
57.9
57.9
57.9
57.9
57.9
57.9
57.9
57.9
57.9
57.9
57.9
57.9
57.9
57.9
57.9
57.9
57.9
57.9
57.9
57.9
57.9
57.9
57.9
57.9
57.9
57.9
57.9
57.9
57.9
57.9
57.9
57.9
57.9
57.9
57.9
57.9
57.9
57.9
57.9
57.9
57.9
57.9
57.9
57.9
57.9
57.9
57.9
57.9
57.9
57.9
57.9
57.9
57.9
57.9
57.9
57.9
57.9
57.9
57.9
57.9
57.9
57.9
57.9
57.9
57.9
57.9
57.9
57.9
57.9
57.9
57.9
57.9
57.9
57.9
57.9
57.9
57.9
57.9
57.9
57.9
57.9
57.9
57.9
57.9
57.9
57.9
57.9
57.9
57.9
57.9
57.9
57.9
57.9
57.9
57.9
57.9
57.9
57.9
57.9
57.9
57.9
57.9
57.9
57.9
57.9
57.9
57.9
57.9
57.9
57.9
57.8
57.8
57.8
57.8
57.8
57.8
57.8
57.8
57.8
57.8
57.8
57.8
57.8
57.8
57.8
57.8
57.8
57.8
57.8
57.8
57.8
57.8
57.8
57.8
57.8
57.8
57.8
57.8
57.8
57.8
57.8
57.8
57.8
57.8
57.8
57.8
57.8
57.8
57.8
57.8
57.8
57.8
57.8
57.8
57.8
57.8
57.8
57.8
57.8
57.8
57.8
57.8
57.8
57.8
57.8
57.8
57.8
57.8
57.8
57.8
57.8
57.8
57.8
57.8
57.8
57.8
57.8
57.8
57.8
57.8
57.8
57.8
57.8
57.8
57.8
57.8
57.8
57.8
57.8
57.8
57.8
57.8
57.8
57.8
57.8
57.8
57.8
57.8
57.8
57.8
57.8
57.8
57.8
57.8
57.8
57.8
57.8
57.8
57.8
57.8
57.8
57.8
57.8
57.8
57.8
57.8
57.8
57.8
57.8
57.8
57.8
57.8
57.8
57.8
57.8
57.8
57.8
57.8
57.8
57.8
57.8
57.8
57.8
57.8
57.8
57.8
57.8
57.8
57.8
57.8
57.8
57.8
57.8
57.8
57.8
57.8
57.8
57.8
57.8
57.8
57.8
57.8
57.8
57.8
57.8
57.8
57.8
57.8
57.8
57.8
57.8
57.8
57.8
57.8
57.8
57.8
57.8
57.8
57.8
57.8
57.8
57.8
57.8
57.8
57.8
57.8
57.8
57.8
57.8
57.8
57.8
57.8
57.8
57.8
57.8
57.8
57.8
57.8
57.8
57.8
57.8
57.8
57.8
57.8
57.8
57.8
57.8
57.8
57.8
57.8
57.8
57.8
57.8
57.8
57.8
57.8
57.8
57.8
57.8
57.8
57.8
57.8
57.8
57.8
57.8
57.8
57.8
57.8
57.8
57.8
57.8
57.8
57.8
57.8
57.8
57.8
57.8
57.8
57.8
57.8
57.8
57.8
57.8
57.8
57.8
57.8
57.8
57.8
57.8
57.8
57.8
57.8
57.8
57.8
57.8
57.8
57.8
57.8
57.8
57.8
57.8
57.8
57.8
57.8
57.8
57.8
57.8
57.8
57.8
57.8
57.8
57.8
57.8
57.8
57.8
57.8
57.8
57.8
57.8
57.8
57.8
57.8
57.8
57.8
57.8
57.8
57.8
57.8
57.8
57.8
57.8
57.8
57.8
57.8
57.8
57.8
57.8
57.8
57.8
57.8
57.8
57.8
57.8
57.8
57.8
57.8
57.8
57.8
57.8
57.8
57.8
57.8
57.8
57.8
57.8
57.8
57.8
57.8
57.8
57.8
57.8
57.8
57.8
57.8
57.8
57.8
57.8
57.8
57.8
57.8
57.8
57.8
57.8
57.8
57.8
57.8
57.8
57.8
57.8
57.8
57.8
57.8
57.8
57.8
57.8
57.8
57.8
57.8
57.8
57.8
57.8
57.8
57.8
57.8
57.8
57.8
57.8
57.8
57.8
57.8
57.8
57.8
57.8
