0
0
0
0
0
0
0
0
0
0
0
0
0
0
0
0
0
0
0
0
0
0
0
0
0
0
0
0
0
0
0
0
0
0
0
0
0
0
0
0
0
0
0
0
0
0
0
0
0
0
0
0
0
0
0
0
0
0
0
0
0
0
0
0
0
0
0
0
0
0
0
0
0
0
0
0
0
0
0
0
0
0
0
0
0
0
0
0
0
0
0
0
0
0
0
0
0
0
0
0
0
0
0
0
0
0
0
0
0
0
0
0
0
0
0
0
0
1.6
1.6
0
0
0
1.7
0
0
0
0
0
0
0
0
0
0
0
0
0
0
0
0
0
0
0
0
0
0
0
0
0
0
0
0
0
0
0
0
0
0
0
0
0
0
0
0
0
0
0
0
0
0
0
0
0
0
0
0
0
0
0
0
0
0
0
0
0
0
0
0
0
0
0
0
0
0
0
0
0
0
0
0
0
0
0
0
0
0
0
0
0
0
0
0
0
0
0
0
0
0
0
0
0
0
0
0
0
0
0
0
0
0
0
0
0
0
0
0
0
0
0
0
0
0
0
0
0
0
0
0
0
0
0
0
0
0
0
0
0
0
0
0
0
0
0
0
0
0
0
0
0
0
0
0
0
0
0
0
0
0
0
0
0
0
0
0
0
0
0
0
0
0
0
0
0
0
0
0
0
0
0
0
0
0
0
0
0
0
0
0
0
0
0
0
0
0
0
0
0
0
0
0
4.4
0
0
4.4
4.5
0
4.5
4.5
4.5
0
0
0
0
0
0
0
0
0
0
0
0
0
.1
.2
.2
.1
0
0
0
.2
.1
.1
.1
.1
0
0
0
0
0
0
0
.1
.2
5.1
.2
.2
5.2
.2
5.2
.2
.2
.2
5.3
.2
5.2
5.1
5.1
5.1
5.1
0
.1
.1
.1
.1
.1
0
0
0
0
0
0
0
.1
.1
0
0
0
0
0
0
0
.1
0
0
0
0
0
0
0
0
0
0
0
0
0
0
0
.1
.1
0
0
0
0
0
0
0
0
0
0
.1
0
0
0
0
0
0
0
.1
.1
.2
.2
0
0
0
0
.2
.1
5.9
0
6.2
6.0
6.2
6.0
6.3
6.0
6.1
6.4
.2
0
0
.2
.1
.4
.3
.3
.2
.2
.3
.3
.1
0
0
0
0
0
0
0
0
0
0
0
0
0
0
0
0
0
0
0
0
0
0
0
0
0
0
0
0
0
0
0
0
0
0
0
0
0
0
0
0
0
0
0
0
0
0
0
0
0
0
.2
.2
.3
.2
.2
.3
.3
.1
.3
7.3
0
7.1
0
7.1
7.1
7.1
7.3
7.2
.1
.2
7.6
.4
.4
7.6
7.6
.3
7.5
.4
.3
.3
7.4
.4
7.7
.3
7.5
7.5
7.3
.2
.2
7.6
7.6
7.6
.2
.1
.1
.3
7.6
.1
.1
7.7
7.7
.2
.4
7.9
7.9
7.7
7.6
.1
.2
.2
7.7
.3
7.8
.1
.1
7.9
7.9
.1
7.8
7.8
.3
.3
.3
.3
.3
.2
.1
0
0
0
0
0
0
0
0
0
0
0
0
0
0
0
0
8.1
8.1
.3
.3
8.4
.4
8.5
.3
.3
8.3
.3
.3
.4
8.6
.4
8.5
8.4
.1
8.3
8.2
8.4
8.4
8.3
8.3
.1
.2
8.5
8.4
8.5
8.5
.2
.2
8.5
8.5
.1
8.5
8.6
.4
.4
.4
.2
.2
.3
.2
8.8
8.7
.1
8.6
8.6
0
0
0
0
0
0
8.7
0
8.7
8.7
0
8.9
8.9
8.8
8.8
8.9
.1
8.9
8.8
0
0
0
0
0
0
.1
.3
9.3
9.3
.2
9.2
9.0
9.0
9.1
.4
.4
9.4
9.4
.3
.4
9.2
9.2
.2
.3
.3
9.4
.3
.3
.3
.3
9.5
9.3
9.3
.1
9.3
.3
9.6
.3
.2
.1
9.4
.3
.3
9.6
9.6
.4
9.7
9.8
.3
.3
9.7
.4
.4
9.8
9.7
9.7
9.5
.2
.2
9.5
9.5
0
9.5
9.5
0
9.5
9.6
0
0
9.6
0
9.6
0
0
9.6
0
9.7
9.7
9.7
9.7
9.8
0
9.8
9.7
9.7
9.8
9.9
.1
.2
9.8
0
9.9
9.9
9.9
.3
10.2
9.9
0
0
10.0
.3
10.0
10.0
10.1
.5
.4
10.3
10.3
.3
10.3
10.0
0
.1
10.0
0
10.0
.4
.4
.4
10.2
10.1
.2
.5
.5
.5
10.5
10.2
10.2
10.3
.2
10.4
10.4
.2
.5
.3
.3
10.5
.3
.3
.5
10.3
10.4
.1
.5
.4
10.3
0
0
10.4
0
0
10.4
10.4
0
10.4
.2
.2
.2
10.6
.1
.2
.4
.4
.5
11.0
.3
.3
.3
.3
11.0
11.0
10.6
0
10.7
.4
.4
.3
10.6
10.6
10.7
10.8
0
10.8
10.8
.2
10.9
.2
.1
.1
.2
.2
0
.1
.1
.1
.2
.2
.2
.3
.5
0
.3
0
0
0
0
0
0
0
0
0
.2
.3
.3
.2
.3
.3
.3
.3
.2
.2
.2
.4
0
0
0
0
0
0
0
0
0
0
.2
.2
0
0
0
11.3
0
11.3
11.5
11.5
.5
11.4
.1
.3
11.9
11.9
.5
11.9
.4
11.6
11.6
.4
11.8
.7
.5
12.0
.7
.7
11.9
11.9
.6
11.9
.4
.6
.6
.6
12.2
.8
12.4
.8
11.8
12.2
12.3
.4
12.1
11.7
0
0
11.7
0
11.7
11.9
11.9
.2
12.2
12.0
.2
.2
.6
.6
.4
.2
12.0
12.3
.4
12.1
12.1
.6
12.5
12.1
11.9
11.9
0
0
0
0
12.0
0
0
12.0
.4
12.4
12.4
.4
.4
12.3
12.3
12.3
.4
.4
.6
.6
.8
.6
.6
.6
12.2
12.2
12.4
12.4
.4
.2
12.4
.4
.4
12.7
.4
.2
12.5
.2
12.3
0
12.3
0
0
0
0
12.4
12.4
12.6
12.4
0
12.6
12.7
0
0
0
0
0
0
0
0
0
0
0
0
0
0
0
0
0
0
0
0
0
0
0
0
0
0
0
0
0
.2
0
0
.2
.2
.2
.6
.6
.4
.4
0
0
0
0
0
0
0
0
0
0
0
0
0
0
0
0
0
0
0
0
0
0
0
0
0
0
0
0
0
0
0
0
.4
.4
.2
0
.2
.2
0
0
0
0
0
0
0
0
0
0
0
0
0
0
0
0
0
0
0
0
0
0
0
0
0
0
0
0
0
0
0
13.5
0
13.5
.2
13.9
13.5
13.5
0
13.5
0
13.6
13.6
.4
14.0
.4
.4
.6
13.6
13.6
13.6
13.6
13.6
13.9
13.9
.4
.2
13.9
13.7
0
13.9
13.9
.2
13.7
.4
.4
14.4
.6
.6
.6
.6
.6
.8
14.6
14.4
14.0
.2
13.9
0
0
13.9
13.9
13.9
0
13.9
.2
.2
.2
14.2
.2
14.4
.4
.4
0
0
0
0
.2
.2
.4
.4
0
0
0
0
0
.2
.2
.4
.4
.4
.2
.4
.4
.2
.6
.6
.6
.4
.4
.4
.2
.2
0
0
0
0
0
0
0
0
0
0
0
0
0
.2
0
0
0
0
0
0
0
0
0
0
0
0
0
0
0
0
0
0
0
0
0
0
0
.2
.2
0
.2
.2
0
0
0
0
.2
14.8
.2
.4
.4
.2
.2
0
0
0
0
0
.2
.4
.2
.2
.2
.2
.2
.2
.2
.2
0
.2
.2
.2
.2
.2
.2
.2
.2
.2
.2
.2
.2
.2
.2
.2
.2
.2
.2
.2
.2
.2
.2
.2
.2
.2
.2
.2
.2
.2
.2
.2
.2
.2
.2
.2
.2
.2
.2
.2
.2
.2
.2
.2
.2
.2
.2
.2
.2
.2
.2
.2
.2
.2
.2
.2
.2
.2
.2
.2
.2
.2
.2
.2
.2
.2
.2
.2
.2
.2
.2
.2
.2
.2
.2
.2
.2
.2
.2
.4
.4
.4
.4
.4
.4
.4
.4
.4
.4
.4
.4
.4
.4
.4
.4
.6
.6
.6
15.0
15.0
15.0
15.0
15.0
15.0
15.0
15.0
14.9
14.9
14.9
14.9
14.7
14.7
14.7
14.7
14.7
14.7
14.7
14.7
14.7
14.7
14.7
14.7
14.7
14.7
14.7
14.7
14.7
14.7
14.7
14.7
14.7
14.7
14.7
14.7
14.7
14.7
14.6
14.6
14.6
14.6
14.6
14.6
14.6
14.6
14.6
14.6
14.6
14.4
14.4
14.4
14.4
14.4
14.4
14.4
14.4
14.4
14.4
14.4
14.4
14.4
14.4
14.4
14.4
14.4
14.4
14.4
14.3
14.3
14.3
14.3
14.3
14.3
14.3
14.3
.2
.2
.4
.4
.4
.4
.4
.4
.4
.4
.4
.4
.4
.4
.4
.4
.4
.4
.4
.4
.4
.4
.4
.4
.4
.4
.4
.4
.4
.4
.4
.4
.4
.4
.4
.4
.4
.4
.4
.4
.4
.4
.4
.4
.4
.4
.4
.4
.4
.4
.4
.4
.4
.4
.4
.4
.4
.4
.4
.4
.4
.4
.4
.4
.4
.4
.4
.4
.4
.2
.2
.2
.2
.2
.2
.2
.2
.2
.2
.2
.2
.2
.2
.2
.2
.2
.2
.2
.2
.2
.2
.2
.2
.2
.2
.2
.2
.2
.2
.2
.2
14.0
14.0
14.0
14.0
14.0
14.0
14.0
14.0
14.0
14.0
14.0
14.0
14.0
14.0
13.9
13.9
13.9
13.9
13.9
13.9
.2
.2
.2
0
0
0
0
0
0
0
0
0
0
0
0
0
0
0
0
0
0
0
0
0
0
0
0
0
0
0
0
0
0
0
0
0
0
0
0
0
0
0
0
0
0
0
0
0
0
0
0
0
0
0
.2
.2
.2
.2
.2
0
0
0
0
0
0
0
0
0
.2
.2
.2
.2
.2
.2
.2
.2
.2
.2
.2
.2
.2
.2
.2
.2
.2
.2
.2
.2
.2
.2
.2
.2
.2
.2
.2
.2
.2
.2
.2
.2
.2
.2
.2
0
0
0
0
0
0
0
0
0
0
0
0
0
0
0
0
0
0
0
0
0
0
0
0
0
0
0
0
0
0
0
0
0
0
0
0
0
0
0
0
0
0
0
0
0
