0
0
0
0
0
0
0
0
0
0
0
0
0
0
0
0
0
0
0
0
0
0
0
0
0
0
0
0
0
0
0
0
0
0
0
0
0
0
0
.4
.4
.5
.5
.5
.5
0
0
.6
.6
.6
0
0
0
0
0
0
.7
.7
.8
0
0
.8
.8
0
0
0
0
.9
.9
0
0
0
0
0
1.0
0
0
0
0
1.0
0
1.1
0
1.1
0
1.1
0
0
0
1.2
0
0
1.2
0
0
0
0
1.3
1.3
0
0
1.4
0
1.4
1.4
0
0
0
0
1.5
0
0
1.5
0
1.6
0
1.6
0
0
0
0
0
0
1.7
0
0
1.7
1.7
0
0
1.8
0
0
0
1.8
0
1.9
0
0
0
0
0
2.0
0
2.0
0
0
2.0
2.0
0
0
0
2.1
2.1
2.1
2.1
0
2.2
0
0
0
2.2
2.2
2.2
2.2
2.3
2.3
2.3
2.3
2.3
2.3
0
0
0
0
0
0
2.4
2.4
0
2.5
2.5
0
0
0
0
0
0
0
0
0
0
0
0
2.7
0
0
0
2.7
0
0
0
0
0
2.8
2.9
2.9
2.9
2.9
2.9
2.9
2.9
2.9
3.0
3.0
3.0
0
0
3.0
0
3.1
0
0
3.1
0
3.1
0
3.2
3.2
0
3.2
0
0
3.2
3.3
3.3
0
3.3
3.3
3.3
0
0
3.4
3.4
3.4
3.4
3.4
3.5
3.5
3.5
3.5
3.5
3.5
3.5
0
3.5
3.6
3.6
3.6
3.6
3.6
3.6
3.6
0
0
0
0
3.7
0
3.7
3.8
3.8
0
0
3.8
3.8
0
0
3.9
0
0
0
3.9
3.9
0
0
4.0
.1
4.1
.1
4.2
4.2
.1
.1
.1
4.1
4.1
.1
4.3
4.3
.1
.1
4.3
4.2
4.3
4.3
4.2
0
0
4.4
4.3
0
0
4.4
.1
.1
.1
.1
.1
0
0
0
0
0
0
0
0
0
4.5
4.5
0
0
0
4.6
4.6
0
4.6
0
0
4.7
0
.1
4.7
4.7
.1
4.9
.2
.2
4.8
.1
.1
.1
4.9
.2
.2
.2
.2
.1
.1
.1
.1
0
0
0
0
0
0
0
0
0
0
0
0
0
0
0
0
0
5.1
5.1
5.1
.1
.1
.1
.2
5.4
.1
.1
5.3
0
5.4
5.3
0
5.3
.1
5.3
5.3
5.3
.2
.2
5.5
.1
0
0
5.4
5.4
0
0
0
5.5
5.5
0
5.5
0
0
5.6
5.6
5.6
5.6
5.6
0
5.6
5.6
0
0
5.7
5.7
.1
.1
.1
.1
5.9
.1
5.9
5.8
5.8
5.8
0
0
5.9
0
0
.2
.2
0
.1
.1
.1
0
0
0
.1
0
.1
0
0
.1
0
6.1
6.2
6.3
6.2
6.2
6.2
6.2
6.2
0
0
6.4
.2
6.5
6.3
6.4
.1
6.4
0
0
0
0
6.4
6.5
6.6
.2
.2
.2
6.6
6.6
6.5
6.5
0
0
6.7
6.7
6.6
6.6
6.6
6.8
.3
.4
.4
.3
.4
.3
.2
6.9
6.8
.1
.1
6.9
.3
7.1
7.0
.2
.3
7.0
.1
7.1
7.1
.3
.2
.2
7.0
7.1
.1
7.1
.1
.2
0
0
0
.1
.1
0
0
0
0
0
0
0
0
0
0
0
0
0
0
0
0
0
0
0
0
0
0
0
0
0
0
0
0
0
0
0
0
0
0
0
0
0
0
0
0
0
0
0
0
0
0
0
0
0
0
0
0
0
.1
.1
.1
.1
0
0
7.8
0
7.8
7.9
7.8
7.9
7.9
.2
.2
.3
.2
8.1
.3
.3
.3
.3
8.2
.2
.3
8.3
.4
.3
.3
.1
.1
0
0
0
0
0
0
.1
0
0
0
0
0
0
.1
.1
0
0
0
0
0
.1
.1
0
0
0
0
0
0
.1
0
0
0
0
0
0
0
0
0
0
0
0
0
0
0
0
0
0
0
0
0
0
.2
.2
.3
0
0
0
0
0
0
0
0
0
0
0
0
9.0
.1
.2
8.9
0
0
0
0
0
0
0
0
0
0
0
0
0
0
0
0
0
0
0
0
0
0
0
.1
.1
.1
0
0
0
0
0
0
0
0
0
0
0
0
0
0
0
0
0
0
0
0
0
0
0
0
0
0
0
0
0
0
0
0
0
0
0
0
0
0
0
0
0
0
0
.2
.2
.1
0
0
0
0
0
0
0
0
0
0
0
0
0
.1
0
.1
.1
0
0
0
0
0
0
0
0
0
0
0
.1
.1
.2
.1
.1
0
0
0
0
0
0
.1
0
0
0
0
0
0
0
0
.1
0
0
0
0
0
0
0
0
0
0
0
0
0
0
0
0
0
0
.1
.5
.5
.5
.5
.5
.4
.5
.4
.4
.1
.1
.1
.1
.1
.1
.2
0
0
0
0
.1
0
0
0
0
0
0
.1
.1
0
0
.1
.5
.5
.4
0
10.9
.2
.1
.2
.1
.1
0
0
.1
.3
.4
.3
0
.1
.2
.2
.1
0
.1
.3
11.0
11.1
11.1
11.3
11.3
.6
.6
.6
.3
11.0
11.0
0
0
11.0
0
0
11.1
11.1
.1
11.1
0
11.3
.4
11.5
.7
.7
.5
.7
11.9
11.4
.2
11.4
11.3
.1
.5
.5
.7
.7
.7
.3
.2
.2
0
0
0
0
0
0
0
0
0
0
0
0
0
0
0
0
0
0
0
0
.2
.2
.2
.2
.2
0
0
0
0
0
.2
0
0
0
0
0
0
0
0
0
0
0
0
0
0
0
0
0
0
0
0
0
0
0
0
0
0
0
0
0
.2
.2
.8
.8
.8
.4
.4
.4
.4
.4
0
0
0
0
0
.2
.2
0
0
0
0
0
0
0
0
0
0
0
0
0
0
.2
.2
0
0
.2
.2
.4
.4
.4
.2
.2
.6
0
0
.2
.2
.2
.2
.4
.2
.2
.2
.2
12.7
.2
.6
.2
12.7
.6
13.1
.8
13.4
13.2
12.8
.2
13.0
.4
.4
13.0
.6
.6
.8
.8
.6
12.9
.2
.4
13.3
.4
.4
13.2
13.2
.2
.8
.8
13.4
.6
.6
13.0
.2
13.3
.4
.8
.6
13.5
.4
12.9
0
13.1
.4
13.3
.4
13.4
13.2
13.0
13.2
13.2
13.0
13.0
0
.2
.6
13.6
13.8
.8
.8
13.7
13.7
.4
13.1
13.1
0
13.1
0
0
13.1
13.2
13.2
.2
13.4
13.2
13.2
13.4
.4
.4
13.4
.2
13.5
.6
.6
.6
.4
13.9
.2
.2
13.5
13.8
.4
13.6
.2
13.6
.2
.2
13.4
13.4
13.4
0
0
0
13.5
0
0
0
0
0
0
0
0
0
0
0
0
0
0
0
0
0
0
0
0
0
0
0
0
0
0
0
0
0
0
0
0
0
0
0
0
0
.2
.2
.2
0
0
0
0
.2
.6
.6
.6
.2
.2
0
0
0
0
0
0
0
0
0
0
0
.2
14.2
.6
14.6
14.6
.6
.6
14.6
14.2
.2
.8
.8
.8
.8
14.1
0
14.1
0
0
14.1
14.1
0
14.1
14.3
14.4
.2
14.4
14.6
.4
.2
14.6
14.6
.4
14.2
14.2
.2
.2
14.4
14.2
0
14.3
.2
.2
14.3
.6
.6
.8
.8
.8
.4
14.5
0
14.4
0
14.4
0
14.4
14.6
.6
15.0
14.4
14.4
0
14.5
14.5
0
0
0
14.7
.6
15.1
.8
15.1
.6
.8
15.3
.8
.8
.2
.6
.6
.2
0
14.6
14.8
14.6
15.0
.4
.6
.6
.2
.4
.2
.2
.4
.2
.2
.2
.4
.4
.6
.4
.4
.2
.2
.4
.4
.4
.4
.4
.4
.4
.4
.4
.4
.4
.4
.4
.4
.4
.4
.4
.4
.4
.4
.4
.4
.4
.4
.4
.4
.4
.4
.4
.4
.4
.4
.4
.4
.4
.4
.4
.4
.4
.4
.4
.4
.4
.4
.4
.4
.4
.4
.4
.4
.4
.4
.4
.4
.4
.4
.4
.4
.4
.4
.4
14.9
14.9
14.9
14.9
14.9
14.9
14.9
14.9
14.9
14.9
14.9
14.8
14.8
14.6
14.6
14.6
14.6
14.6
14.6
14.6
14.6
14.6
14.6
14.6
14.6
14.6
14.6
14.6
14.6
14.4
14.4
14.4
0
0
0
0
0
0
0
0
0
0
0
0
.2
.2
.2
.2
.2
.2
.2
.2
.2
.2
.2
.2
.2
.2
.2
.2
.2
.2
.2
.2
.2
.2
.2
.4
.4
.4
.4
.4
.4
.4
.4
.4
.4
.4
.4
.4
.4
.4
.4
.4
.4
.4
.4
.4
.4
.4
.4
.4
.4
.4
.4
.4
.4
.4
.4
.4
.4
.4
.4
.4
.4
.4
.4
.4
.4
.4
.2
.2
.2
.2
.2
.2
.2
.2
.2
.2
.2
.2
.2
.2
.2
.2
.2
.2
.2
.2
.2
.2
.2
.2
.2
.2
.2
.2
.2
.2
.2
.2
.2
.2
.2
.2
.2
.2
.2
.2
.2
.2
.2
.2
.2
.2
.2
.2
.2
.2
.2
.2
.2
.2
.2
.2
.2
.2
.2
.2
.2
.2
.2
.2
.2
.2
.2
.2
.2
.2
.2
.2
.2
.2
.2
.2
.2
.2
.2
.2
.2
.2
.2
.2
.2
.2
.2
.2
.2
.2
.2
.2
.2
.2
.2
.2
.2
.2
.2
.2
.2
.2
.2
.4
.4
.4
.4
.4
.4
.4
.4
.4
.4
.4
.4
.4
.4
.4
.4
.4
.4
.4
.4
.4
.4
.4
.4
.4
.4
.4
.4
.4
.4
.4
.4
.4
.4
.4
.4
.4
.4
.4
.4
.4
.4
.4
.4
.4
.4
.4
.4
.4
.4
.4
.4
.4
.4
.4
.4
.4
.4
.4
.4
.4
.4
.4
.4
.4
.4
.4
.4
.4
.4
.2
.2
.2
.2
.2
.2
.2
.2
.2
.2
.2
.2
.2
.2
0
0
0
0
0
0
0
0
0
0
0
0
0
0
0
0
0
0
0
0
0
0
0
0
0
0
0
0
0
0
0
0
0
0
0
0
0
0
0
0
0
0
0
0
0
0
0
0
0
0
0
0
0
0
0
0
0
0
0
0
0
0
13.3
13.3
13.3
13.3
13.3
13.3
13.3
13.5
13.5
13.5
13.5
13.5
13.5
13.5
13.5
13.5
13.5
13.5
