0
0
0
0
0
0
0
0
0
0
0
0
0
0
0
0
0
.1
.1
.1
.2
.2
.2
.2
.2
.2
.2
.2
.2
.3
0
0
.3
.3
0
0
0
0
0
0
0
0
0
0
0
.5
.5
0
0
0
.6
.7
.7
.7
.7
.7
0
0
0
.8
.8
0
0
.8
.8
.8
.9
0
0
.9
.9
.9
.9
.9
0
1.0
1.0
1.0
1.0
0
1.1
0
1.1
0
1.1
0
1.1
1.2
1.2
0
1.2
1.2
0
1.3
1.3
1.3
1.3
0
0
1.4
1.4
0
1.4
0
0
1.4
1.4
1.5
1.5
0
1.5
1.5
0
1.5
0
1.6
0
0
0
0
0
0
0
0
1.7
1.7
0
0
1.8
1.8
0
1.8
1.8
1.8
0
1.9
0
1.9
1.9
1.9
1.9
1.9
0
2.0
0
2.0
2.0
0
0
2.0
2.1
2.1
0
0
0
0
2.1
0
2.2
2.2
2.2
0
0
0
0
0
0
0
0
0
0
2.3
2.4
2.4
2.4
2.4
2.4
0
0
2.5
0
0
2.5
2.5
2.5
2.5
2.6
2.6
2.6
2.6
2.6
2.6
2.6
2.7
0
2.7
2.7
2.7
0
2.8
2.8
2.8
2.8
2.8
0
0
0
0
0
0
0
0
0
0
0
0
3.0
3.0
0
3.0
0
3.1
3.1
0
3.1
0
3.1
0
0
3.2
0
3.2
3.2
0
0
0
3.3
0
0
0
3.4
3.4
0
0
0
0
0
0
0
0
0
0
0
0
3.5
0
0
0
0
0
0
0
0
3.7
3.7
3.7
3.7
0
3.7
0
0
0
3.8
3.8
0
0
3.8
3.9
0
3.9
3.9
4.0
.1
.1
4.1
4.1
.1
4.0
0
4.0
0
0
4.1
4.1
4.1
.1
.1
4.1
0
0
4.2
4.2
0
.1
0
0
.1
4.4
4.4
0
.1
4.4
4.4
0
4.4
4.4
0
0
0
0
0
0
0
0
0
0
0
0
0
0
4.5
4.6
4.6
0
0
4.6
0
4.6
4.6
0
4.7
4.7
0
0
4.7
0
4.8
4.8
0
4.8
4.8
4.8
0
4.8
4.9
4.9
4.9
0
0
0
0
0
0
0
0
0
0
0
0
0
0
0
0
0
0
0
0
0
0
0
0
5.2
5.2
5.2
5.2
0
5.3
5.3
.2
5.5
.1
.1
5.4
.2
5.4
.2
.2
.2
5.4
5.4
0
5.5
5.6
5.6
.2
.1
5.6
5.5
5.5
0
.2
5.5
0
5.5
5.6
.2
.1
.1
.2
.2
5.8
.2
.2
5.9
5.9
.1
.2
5.8
5.7
5.7
5.8
.1
5.8
0
.1
.2
.1
5.9
5.8
0
6.0
5.9
0
0
0
.1
.2
.2
0
0
.1
.1
.1
.1
.1
0
.1
.1
.1
0
.1
0
0
0
0
0
6.3
6.3
0
6.3
0
.1
.1
6.5
.3
6.7
6.7
6.5
6.5
.3
.2
.2
6.6
6.6
6.6
.2
.2
.3
.3
6.9
6.9
.2
.2
.4
.4
.4
.2
6.8
6.7
6.7
6.8
6.7
6.7
6.7
0
.2
6.9
6.9
.2
6.9
.1
.2
7.0
6.9
.3
7.2
.2
.2
7.0
6.9
6.9
0
0
7.0
0
7.0
.1
0
0
0
.1
.1
0
0
0
0
0
0
0
0
0
0
0
0
0
0
0
0
0
0
0
0
0
0
0
0
0
0
0
0
0
0
0
0
0
0
0
0
0
0
0
0
0
0
0
0
0
0
0
0
0
.1
.2
.2
.2
.1
.2
.2
.2
.1
.1
.1
7.9
.1
.1
.3
.3
.3
8.0
8.1
8.0
8.0
.1
7.9
7.9
7.9
7.9
0
8.2
8.1
.1
8.0
0
0
0
0
0
0
0
0
0
0
0
0
0
0
0
0
0
.1
.1
0
0
0
0
0
0
0
0
0
0
0
0
0
0
0
0
0
0
0
0
0
0
0
0
0
0
0
0
0
.1
.1
.3
.3
.3
.4
.4
.2
.2
0
.1
.1
0
0
0
0
0
0
0
0
0
0
0
8.9
9.0
.1
.1
.1
.1
0
0
0
0
0
0
0
0
0
0
0
0
0
0
0
0
0
0
0
0
0
0
0
0
0
0
0
0
0
0
.1
.1
.1
0
0
0
0
0
0
0
0
0
0
0
0
0
0
0
0
.1
.1
0
0
0
0
0
0
0
0
0
.1
.1
.3
.3
.3
.3
0
0
0
0
0
0
0
.1
.1
.2
.2
0
0
0
0
0
0
0
0
0
0
0
0
0
0
0
0
0
0
0
0
0
0
0
0
0
0
0
0
0
0
0
0
0
0
0
0
0
0
0
0
0
0
0
0
0
0
0
0
0
0
0
0
0
0
0
0
0
0
0
0
0
0
0
0
0
.1
0
0
0
0
0
0
0
0
0
0
0
0
0
0
.1
.1
.1
.1
0
0
0
0
0
0
0
0
0
0
0
0
.3
.2
0
10.7
0
10.7
10.8
10.8
10.7
10.7
10.8
10.8
10.8
0
.1
0
.2
.2
0
.2
0
.3
.3
0
0
10.9
10.9
11.0
11.3
.6
.4
11.2
11.2
.5
11.0
11.1
0
0
11.1
0
11.1
0
11.3
.2
11.1
11.2
11.4
11.2
0
0
11.2
0
0
11.2
11.2
11.3
0
0
0
.4
.3
.3
0
0
0
0
0
0
0
0
0
0
0
0
0
0
.2
.2
0
0
0
0
0
0
0
0
0
0
0
0
0
0
0
0
0
0
0
0
0
.2
0
0
0
.2
.4
.4
.2
0
0
0
0
0
0
0
0
0
0
0
0
0
0
0
0
0
0
0
0
.2
.2
.4
.4
.4
.4
.4
.4
.2
.2
.2
.2
.2
0
0
0
0
0
0
0
0
0
0
0
0
0
0
0
0
0
0
0
.2
.2
.2
.6
.6
.2
.8
.8
.4
.4
0
0
0
0
0
0
0
0
12.5
12.7
13.1
.6
12.5
0
12.5
0
0
.6
13.2
.4
13.0
13.0
.4
12.6
12.7
12.6
12.7
12.9
.6
13.3
13.1
.2
12.9
12.9
0
0
12.8
12.8
12.8
0
12.8
12.8
0
12.8
0
12.9
12.9
13.1
.2
13.3
.8
13.7
.6
13.3
.2
13.1
.4
.6
.8
.6
.6
.8
.8
13.8
13.6
13.2
.2
0
13.1
13.1
0
0
13.3
0
0
13.1
0
13.1
13.1
0
.2
.6
13.4
.2
.8
.8
.6
13.6
13.6
.6
13.8
.6
13.5
13.5
13.5
13.7
.2
13.9
13.9
.6
.4
13.8
.6
14.0
.6
14.0
13.8
.8
.8
.6
14.0
14.0
13.9
.4
13.9
.4
.4
0
0
0
0
0
0
0
0
0
0
0
0
0
0
0
0
0
0
0
0
0
0
0
0
0
0
0
0
0
0
0
0
0
0
0
0
0
0
0
0
0
0
0
0
.2
.6
.6
.8
.8
.6
.6
.2
.4
.4
.4
0
0
0
0
0
14.2
.2
.2
14.2
14.0
0
.2
14.3
14.1
14.1
14.1
14.1
.8
14.7
.6
14.5
14.5
.4
.6
14.5
.4
.2
0
14.2
0
0
14.2
14.4
.2
.2
14.6
.8
.8
14.8
14.8
.6
.8
15.1
.8
14.9
14.9
.8
14.5
14.3
14.3
14.3
14.3
14.5
.6
15.2
.8
15.2
.8
14.8
.4
.4
14.4
0
0
0
14.4
0
0
14.5
14.5
14.5
0
14.5
0
14.5
0
14.5
14.5
0
14.5
0
.2
0
0
0
.2
.6
.4
.8
.2
14.8
14.8
14.7
14.9
0
.2
.2
.2
.2
.2
.2
.2
.2
.2
.2
.2
.2
.2
.2
.2
.2
.2
.2
.2
.2
.2
.2
.2
.2
.2
.2
.2
.2
.2
.2
.2
.2
.2
.2
.2
.2
.2
.2
.2
.2
.2
.2
.2
.2
.2
.2
.2
.2
.2
.2
.2
.2
.2
.2
.2
.2
.2
.2
.2
.2
.2
.2
.2
.2
.2
.2
.2
.2
.2
.2
.2
.2
.2
.2
.2
.2
.2
.2
.2
.2
.2
.2
.2
.2
.2
.2
.2
.2
.2
.2
.2
.2
.2
.2
.2
.2
.2
.2
.2
.2
.2
.2
.2
.2
.2
.2
.2
.2
.2
.2
.2
.2
.2
.2
.2
.2
.2
0
0
0
0
0
0
0
0
0
0
0
0
0
0
0
0
0
0
0
0
0
0
0
0
0
0
0
0
0
0
0
0
0
0
0
0
0
0
.2
.2
.2
.2
.2
.2
.2
.2
.2
.2
.2
.2
.2
.2
.2
.2
.2
.2
.2
.2
.2
.2
.2
.2
.2
.2
.2
14.3
14.3
14.3
14.3
14.3
14.3
14.3
14.3
14.3
14.3
14.3
14.3
14.3
14.3
14.3
14.3
14.3
14.3
14.3
14.3
14.3
14.3
14.2
14.2
14.2
14.2
14.2
14.2
.2
.2
.2
.2
.2
.2
.2
.2
.2
.2
.2
.2
0
0
0
0
0
0
0
0
0
0
0
0
0
0
0
0
0
0
0
0
0
0
0
0
0
0
0
0
0
.2
.2
.2
.2
.2
.2
.2
.2
.2
.2
.2
.2
.2
.2
.2
.2
.2
.2
.2
.2
.2
.2
.2
.2
.2
.2
.2
.2
.2
.2
.2
.2
.2
.2
.2
.2
.2
.2
.2
.2
.2
.2
.2
.2
.2
.2
.2
.2
.2
.2
0
0
13.7
13.7
13.7
13.9
13.9
13.9
13.9
13.9
13.9
13.9
13.9
13.9
13.9
13.9
13.9
13.9
13.9
13.9
13.9
13.9
13.9
13.9
13.9
13.9
13.9
13.9
13.8
13.8
13.8
13.8
13.8
13.8
13.8
13.8
13.8
13.8
13.8
13.8
13.8
13.8
13.8
13.8
13.8
13.8
13.8
13.8
13.8
13.8
13.8
13.8
13.8
13.8
13.8
13.8
13.8
13.8
13.8
13.8
13.8
13.9
13.9
13.9
13.9
13.9
13.9
13.9
13.9
13.9
13.9
13.9
13.9
13.9
13.9
13.9
13.9
13.9
13.9
13.9
13.9
13.9
13.9
13.9
13.9
13.9
13.9
13.9
13.9
13.9
13.9
13.9
13.9
13.9
13.8
13.8
13.8
13.8
13.8
13.8
.4
.4
.4
.4
.4
.6
.6
.6
.6
.6
.6
.6
.6
.6
.6
.6
.6
.6
.6
.6
.6
.6
.6
.6
.6
.6
.6
.6
.6
.6
.6
.6
.6
.6
.6
.4
.4
.4
.4
.4
.4
.4
.4
.4
.4
.4
.4
.4
.4
.4
