0
0
0
0
0
0
0
0
0
0
0
0
0
0
0
0
0
0
0
0
0
0
0
0
0
0
0
0
.1
0
.2
.4
.3
.2
.1
.1
.2
.2
.2
.2
.2
.2
.2
.2
.2
.2
.2
.2
.8
.8
.8
.8
.7
.8
.8
.9
1.0
1.0
1.0
1.0
1.0
1.0
1.0
1.3
.2
.2
.2
.2
.2
.2
1.4
1.4
1.4
1.4
1.4
1.5
1.6
1.6
1.6
1.6
1.6
1.6
1.7
1.7
1.8
1.8
1.8
1.8
1.8
1.8
1.6
1.7
1.7
1.7
1.7
1.7
.4
.6
2.1
2.2
2.2
.4
.4
.4
.4
.4
.2
.2
.2
.2
.2
.2
.2
.2
.2
2.2
2.2
2.3
2.3
2.1
2.1
2.1
2.1
2.1
2.1
.3
.3
.3
.3
.3
.3
.3
.3
.3
.3
.3
.3
.3
.3
0
0
0
0
0
0
0
0
0
0
0
0
0
0
.3
.3
.3
.3
.3
.3
.3
2.4
2.4
2.4
.3
.3
.3
.3
.3
.3
.3
.3
.3
.3
.3
.3
.3
.3
.3
.3
.5
.5
.5
.5
.5
.5
.5
.3
.3
.3
.3
.3
.3
.6
.5
.5
.3
.3
.3
.3
.3
.3
.3
.3
.3
.3
.3
.3
.3
.3
.3
.3
.3
.3
0
0
0
0
0
0
0
0
0
0
0
0
0
0
0
0
0
0
0
0
0
0
0
0
0
0
0
0
0
0
0
0
0
0
0
0
0
.3
.9
.9
.9
.7
.7
.7
.7
.4
.4
.4
.4
.4
.4
.4
.4
.4
.4
.4
.4
0
0
0
.4
.4
.4
.4
0
0
0
0
0
0
0
0
0
0
0
0
0
0
0
0
0
0
0
0
0
0
0
0
0
0
0
0
0
0
0
0
0
0
0
0
0
0
0
0
0
0
0
0
0
0
0
0
0
0
0
0
0
0
0
0
0
0
0
0
0
0
0
0
0
0
0
0
0
0
0
0
0
0
0
0
0
0
0
0
0
0
0
0
0
0
0
0
3.1
3.1
3.1
3.1
3.1
3.1
3.1
3.2
3.1
3.1
0
0
0
0
0
0
0
0
0
0
0
.4
.4
.4
.4
.4
.4
.4
.4
.4
.4
.4
.4
.4
.4
.4
.4
.4
.4
.4
.4
.4
.4
.4
.4
.4
.4
.4
.4
.4
.4
.4
.4
3.2
3.2
3.2
3.2
3.5
3.2
3.5
3.5
3.5
0
0
0
0
0
0
0
.6
.3
0
0
.3
.3
.7
.8
0
0
0
0
0
0
0
0
.4
.4
.4
.4
.4
.4
.4
.4
.4
.4
.4
.4
.4
.4
.4
.4
0
0
0
0
0
0
0
.4
.4
.4
.4
.8
.4
.4
.4
.4
.4
.4
.4
.4
.4
.4
.4
.4
.4
.4
.4
.4
.4
.4
.4
.4
.4
.4
.4
.4
.4
.4
0
0
0
0
0
0
0
.4
.4
.4
.4
.4
.4
.4
.4
.4
.4
.4
.4
.4
.4
.4
.4
.4
.4
.4
.4
.4
.4
.4
.4
.4
.4
.4
.4
.4
.4
.4
.4
.4
.4
.4
.4
.4
.4
.4
.4
.4
.4
.4
.4
.4
.4
.4
.4
.4
.4
.4
.4
.4
.4
.4
.4
.4
.4
.4
4.0
4.0
4.0
.4
0
0
0
4.0
4.0
4.1
.4
0
0
0
0
0
0
.4
0
0
0
0
0
0
0
.4
.4
.5
.4
.5
.4
.5
.5
.5
.5
.5
.5
.5
.5
.5
.5
.5
.5
.5
.5
.5
.5
.5
.5
.5
.5
.5
.5
.5
.5
.5
.5
.5
.5
.5
.5
.5
.5
0
0
0
0
0
0
0
0
0
0
0
0
0
0
0
0
0
3.8
3.8
3.8
4.3
4.3
4.3
4.3
4.3
4.3
4.3
4.3
.5
.5
.5
.9
.9
4.7
5.1
5.1
5.1
5.1
5.1
4.7
4.7
4.7
.9
.9
.9
.9
.9
.9
.9
.9
.9
4.3
4.3
4.3
4.3
4.3
4.3
4.3
4.3
4.3
4.3
4.3
4.3
4.3
4.3
4.3
3.9
3.9
3.9
3.9
3.9
3.9
3.9
3.9
3.9
3.9
3.9
4.4
4.4
4.4
4.4
4.4
4.4
4.4
4.4
4.4
4.4
4.4
4.4
.5
.5
.9
.9
4.8
4.8
4.8
4.4
4.4
4.4
3.9
3.9
3.9
3.9
0
0
0
0
0
0
0
0
0
0
0
0
0
.9
.9
.9
.9
.9
.9
.9
.9
.9
.9
4.8
.9
.5
.5
.9
.9
.9
.9
.9
.9
.9
.9
.5
.5
4.4
4.4
4.4
.5
.5
.5
.5
.5
.5
.5
.5
.5
.5
.5
.5
.5
.5
.9
.9
.9
.9
.9
.9
.9
.9
1.3
1.3
1.3
1.3
4.8
4.4
0
4.3
4.7
.8
.8
4.3
4.3
4.3
0
.4
.8
.4
4.3
.8
.8
.4
.8
.8
4.8
4.4
4.8
4.4
4.0
4.0
4.0
4.0
4.0
4.0
4.0
4.0
4.0
4.0
0
0
0
0
0
.5
.9
.9
.5
.5
.5
.5
.5
.5
.5
.5
.5
.5
.5
.5
.5
.5
.5
.5
.5
.5
.5
.5
.5
.5
.5
.5
.5
.5
.5
.5
.5
.5
.5
.5
.5
.5
1.4
1.7
1.7
5.8
.9
.9
.9
.9
.9
.9
.9
.9
.4
.8
.8
.4
.4
.4
.4
.4
.4
.4
.4
.4
.9
.9
.9
.9
.9
.9
.9
.9
.9
.9
.9
.9
.9
.9
.9
.9
.9
.9
.9
.9
.9
.9
.9
.9
.9
.9
.5
.5
.5
.5
.5
.5
.5
.5
.5
.5
.5
.5
.5
.5
.5
.5
.5
.5
.5
4.6
4.6
4.6
4.6
4.6
.5
.5
.5
.5
.5
.5
.5
.5
.5
.5
.5
.5
.5
.5
.5
.9
.9
.9
.9
.9
.9
.9
.9
1.3
1.3
1.3
1.3
.9
.9
.9
.9
1.0
1.0
1.8
1.8
1.4
1.4
1.4
1.4
1.4
1.4
1.4
1.4
1.4
1.4
1.4
1.4
1.4
.9
.5
.5
.5
.5
.5
.5
.5
.5
1.0
1.0
1.0
1.0
1.0
1.0
1.0
1.0
1.0
1.0
1.0
.5
.5
.5
.5
.5
.5
.5
.5
.5
.5
.5
.5
.5
.5
.5
.5
1.0
1.5
1.5
1.5
1.5
1.0
1.0
1.0
1.0
1.0
1.0
1.0
1.0
1.0
1.0
1.0
1.0
5.3
5.3
4.8
4.8
4.8
4.8
4.8
4.8
4.8
4.8
4.7
.5
.5
.5
.5
.5
.5
.5
.5
.5
.5
.5
.5
.5
.5
.5
.5
.5
.5
.5
.5
.5
.5
.5
.5
.5
.5
.5
.5
.5
.5
.5
.5
.5
4.8
4.8
4.8
4.8
4.8
4.8
4.8
.5
.5
.5
.5
.5
.5
4.8
4.8
4.8
4.8
4.8
4.8
4.8
4.8
4.8
4.8
4.8
4.8
4.8
4.8
4.8
4.8
4.8
4.8
4.8
4.8
5.3
1.0
1.0
1.0
.5
.5
.5
.5
.5
.5
.5
.5
.5
.5
.5
.5
.5
.5
.5
.5
.5
.5
.5
.5
0
0
0
0
0
0
.5
.5
4.8
.5
.5
.5
.5
.5
.5
.5
.5
.5
.5
.5
.5
1.0
1.0
1.0
1.0
1.0
1.0
1.0
.5
1.0
1.0
1.0
1.0
1.0
1.0
1.0
.5
.5
4.3
0
.5
0
0
0
.5
.5
4.8
5.3
1.0
1.0
1.0
1.0
1.0
1.0
1.0
1.0
1.0
1.0
1.0
1.0
1.0
1.0
1.0
.5
.5
5.3
5.3
5.3
5.3
5.3
5.3
5.3
5.2
5.2
0
0
0
0
0
0
0
0
0
0
0
0
0
0
0
0
0
0
0
0
0
0
0
0
0
0
0
0
0
0
0
0
0
0
0
0
0
0
0
0
0
0
0
0
0
0
0
0
0
0
0
0
0
0
0
0
0
0
0
0
0
0
0
0
0
0
0
0
0
0
0
0
0
0
0
0
0
0
0
0
0
0
0
0
0
0
0
0
0
0
0
0
0
0
0
0
0
0
0
0
0
0
0
0
0
0
0
0
0
0
0
0
0
0
0
0
0
0
0
0
0
0
0
0
0
0
0
0
0
0
0
0
0
0
0
0
0
0
0
0
0
0
0
0
0
0
0
0
0
0
0
0
0
0
0
0
0
0
0
0
0
0
0
0
0
0
0
0
0
0
0
0
0
0
0
0
0
0
0
0
0
0
0
0
0
0
0
0
0
0
0
0
0
0
0
0
0
0
0
0
0
0
0
0
0
0
0
0
0
0
0
0
0
0
0
0
0
0
0
0
0
0
0
0
0
0
0
0
0
0
0
0
0
0
0
0
0
0
0
0
0
0
0
0
0
0
0
0
0
0
0
0
0
0
0
0
0
0
0
0
0
0
0
0
0
0
0
0
0
0
0
0
0
0
0
0
0
0
0
0
0
0
0
0
0
0
0
0
0
0
0
0
0
0
0
0
0
0
0
0
0
0
0
0
0
0
0
0
0
0
0
0
0
0
0
0
0
0
0
0
0
0
0
0
0
0
0
0
0
0
