0.0
0.1
0.1
0.2
0.2
0.3
0.6
1.1
1.5
2.2
2.8
3.4
4.2
4.6
5.0
5.3
5.5
5.8
6.0
6.2
6.4
6.6
6.8
8.2
9.7
10.6
12.9
13.6
15.5
16.0
17.8
18.1
19.6
20.1
21.4
21.3
22.1
23.0
23.2
24.6
24.4
25.7
25.8
26.3
26.6
27.0
27.2
28.5
28.4
29.3
30.0
30.1
30.7
30.8
30.9
31.1
31.2
31.9
32.0
31.8
32.3
32.4
32.7
32.8
32.7
32.8
33.2
33.3
33.4
33.4
33.9
34.0
34.0
34.6
34.7
34.5
34.9
35.4
35.2
35.2
35.6
35.7
35.8
35.5
35.7
35.9
35.9
36.1
35.9
36.0
36.2
36.3
36.4
36.5
36.3
36.4
36.4
36.7
36.8
36.6
36.7
36.6
36.9
37.0
36.8
36.9
37.1
37.0
37.3
37.1
37.1
37.2
37.2
37.4
37.5
37.4
37.4
37.2
37.3
37.1
37.2
37.3
37.3
37.3
37.4
37.2
37.3
37.1
37.2
37.4
37.3
37.4
37.4
37.3
37.4
37.5
37.6
37.7
37.6
37.7
37.7
37.9
37.8
37.9
38.2
38.1
38.1
38.0
38.2
38.5
38.3
38.5
38.7
38.6
38.6
38.6
38.8
38.9
38.7
38.9
39.0
39.0
39.1
39.2
39.3
39.3
39.3
39.5
39.4
39.4
39.3
39.5
39.6
39.6
39.6
39.6
39.6
39.8
39.7
39.7
39.6
39.7
39.7
39.8
39.8
39.8
39.7
39.8
39.9
39.8
39.8
39.7
39.9
40.0
39.9
39.9
40.0
40.0
40.1
40.0
40.0
40.1
40.1
40.2
40.0
40.2
40.3
40.2
40.3
40.5
40.4
40.4
40.6
40.6
40.6
40.5
40.6
40.8
40.7
40.7
40.7
40.8
40.9
40.8
40.9
40.9
40.9
40.9
40.8
41.0
41.1
40.9
41.0
41.2
41.1
41.1
41.2
41.3
41.2
41.2
41.3
41.3
41.3
41.3
41.4
41.5
41.4
41.4
41.4
41.4
41.5
41.4
41.4
41.5
41.5
41.6
41.5
41.5
41.6
41.5
41.6
41.5
41.6
41.7
41.6
41.7
41.8
41.7
41.7
41.8
41.7
41.8
41.7
41.7
41.8
41.8
41.9
41.8
41.8
41.9
41.9
41.9
41.8
41.9
41.9
41.9
41.9
42.0
41.9
41.9
41.8
41.8
41.9
41.9
41.9
41.8
41.8
41.9
41.9
41.9
41.8
41.8
41.9
41.8
41.9
41.9
41.8
41.9
41.8
41.9
41.9
41.8
41.8
41.7
41.8
41.9
41.8
41.8
41.7
41.7
41.8
41.7
41.8
41.8
41.8
41.8
41.7
41.7
41.7
41.7
41.8
41.7
41.7
41.7
41.6
41.7
41.8
41.7
41.7
41.7
41.8
41.8
41.8
41.8
41.9
41.8
41.8
41.9
41.8
41.9
41.8
41.8
41.8
41.8
41.9
41.8
41.8
41.8
41.7
41.8
41.9
41.8
41.8
41.8
41.9
41.9
41.8
41.8
41.9
41.9
41.9
41.9
41.9
41.9
41.9
41.9
41.8
41.8
41.9
41.9
41.9
41.9
41.8
41.8
41.8
41.9
41.9
41.9
41.9
42.0
42.0
42.0
42.1
42.1
42.2
42.2
42.4
42.3
42.4
42.5
42.5
42.5
42.7
42.6
42.7
42.8
42.7
42.7
42.7
42.8
42.8
42.8
42.8
42.9
42.8
42.8
42.8
42.9
42.9
42.8
42.8
42.8
42.8
42.9
42.8
42.9
42.9
42.9
42.9
42.9
42.9
43.0
42.9
42.9
43.0
42.9
43.0
42.9
42.9
43.0
43.0
43.0
43.0
43.0
43.0
43.0
43.0
43.1
43.0
43.0
43.1
43.1
43.1
43.3
43.2
43.2
43.2
43.2
43.3
43.2
43.2
43.3
43.3
43.3
43.2
43.3
43.3
43.3
43.3
43.3
43.3
43.3
43.2
43.3
43.3
43.3
43.3
43.3
43.4
43.4
43.3
43.4
43.4
43.4
43.4
43.4
43.4
43.4
43.4
43.5
43.4
43.4
43.5
43.5
43.5
43.5
43.5
43.6
43.5
43.6
43.7
43.6
43.6
43.6
43.7
43.7
43.6
43.7
43.7
43.7
43.7
43.7
43.7
43.7
43.8
43.8
43.8
43.8
43.7
43.8
43.8
43.8
43.8
43.8
43.8
43.9
43.9
43.9
43.9
43.9
43.9
43.9
43.9
44.0
44.0
43.9
44.0
44.1
44.0
44.1
44.1
44.1
44.1
44.1
44.1
44.2
44.2
44.2
44.2
44.2
44.2
44.2
44.3
44.3
44.3
44.3
44.3
44.3
44.4
44.3
44.3
44.3
44.3
44.4
44.3
44.3
44.3
44.3
44.4
44.4
44.3
44.3
44.3
44.4
44.3
44.3
44.3
44.3
44.3
44.3
44.3
44.3
44.4
44.3
44.3
44.3
44.4
44.4
44.3
44.4
44.4
44.4
44.4
44.4
44.4
44.4
44.4
44.4
44.4
44.4
44.5
44.4
44.4
44.5
44.5
44.5
44.4
44.5
44.5
44.5
44.5
44.6
44.5
44.6
44.6
44.6
44.5
44.6
44.6
44.6
44.6
44.6
44.6
44.6
44.6
44.6
44.7
44.6
44.6
44.6
44.6
44.6
44.6
44.6
44.6
44.6
44.6
44.6
44.6
44.6
44.6
44.6
44.6
44.6
44.6
44.6
44.6
44.6
44.6
44.6
44.6
44.6
44.6
44.6
44.6
44.6
44.6
44.6
44.6
44.6
44.6
44.6
44.6
44.6
44.7
44.6
44.6
44.7
44.7
44.7
44.7
44.7
44.7
44.7
44.7
44.7
44.7
44.7
44.7
44.7
44.7
44.7
44.7
44.7
44.7
44.7
44.8
44.8
44.7
44.8
44.8
44.8
44.8
44.8
44.8
44.8
44.8
44.8
44.9
44.8
44.9
44.8
44.8
44.9
44.9
44.9
44.9
44.8
44.9
44.9
44.9
44.9
44.9
44.9
44.9
44.9
44.9
44.9
44.9
44.9
44.9
44.9
44.9
44.9
44.9
44.9
44.9
44.9
44.9
44.9
44.9
44.9
44.9
44.9
44.9
44.9
44.9
44.9
44.9
44.8
44.8
44.8
44.9
44.9
44.9
44.9
44.9
45.0
45.0
45.0
45.0
45.1
45.1
45.1
45.1
45.2
45.2
45.3
45.3
45.3
45.3
45.3
45.3
45.3
45.3
45.4
45.4
45.4
45.4
45.4
45.4
45.4
45.4
45.4
45.4
45.4
45.4
45.4
45.5
45.5
45.5
45.5
45.5
45.5
45.6
45.5
45.5
45.6
45.5
45.6
45.6
45.6
45.6
45.6
45.6
45.6
45.6
45.6
45.7
45.7
45.7
45.6
45.7
45.7
45.7
45.7
45.7
45.7
45.7
45.7
45.7
45.7
45.7
45.8
45.7
45.7
45.8
45.8
45.8
45.8
45.8
45.8
45.7
45.8
45.8
45.8
45.8
45.8
45.8
45.8
45.8
45.8
45.8
45.8
45.8
45.8
45.8
45.8
45.8
45.8
45.8
45.8
45.8
45.8
45.9
45.8
45.8
45.9
45.8
45.8
45.8
45.9
45.9
45.8
45.9
45.9
45.9
45.9
45.9
45.9
45.9
45.8
45.9
45.9
45.9
45.9
45.9
45.9
45.9
45.9
45.9
45.9
45.9
46.0
45.9
45.9
46.0
45.9
46.0
46.0
46.0
46.0
46.0
46.0
46.0
46.0
46.0
46.0
46.0
46.1
46.0
46.1
46.1
46.1
46.1
46.1
46.1
46.1
46.1
46.1
46.1
46.1
46.1
46.1
46.1
46.1
46.1
46.1
46.1
46.1
46.1
46.1
46.1
46.1
46.1
46.1
46.2
46.2
46.1
46.2
46.2
46.2
46.2
46.2
46.2
46.2
46.2
46.2
46.2
46.2
46.2
46.2
46.2
46.3
46.2
46.2
46.3
46.3
46.3
46.3
46.3
46.3
46.3
46.3
46.3
46.4
46.4
46.3
46.3
46.4
46.3
46.4
46.4
46.4
46.4
46.4
46.4
46.4
46.4
46.4
46.4
46.4
46.3
46.4
46.4
46.4
46.4
46.3
46.4
46.4
46.4
46.4
46.4
46.4
46.4
46.4
46.4
46.4
46.4
46.4
46.4
46.4
46.4
46.4
46.4
46.5
46.4
46.4
46.4
46.5
46.5
46.5
46.5
46.5
46.5
46.5
46.5
46.5
46.5
46.5
46.5
46.5
46.5
46.5
46.5
46.5
46.5
46.5
46.5
46.6
46.6
46.5
46.6
46.6
46.6
46.6
46.6
46.6
46.6
46.6
46.6
46.6
46.6
46.6
46.6
46.6
46.6
46.6
46.6
46.6
46.6
46.6
46.6
46.6
46.6
46.6
46.6
46.6
46.6
46.6
46.6
46.6
46.6
46.6
46.6
46.6
46.6
46.6
46.6
46.6
46.6
46.6
46.6
46.7
46.7
46.6
46.7
46.7
46.7
46.7
46.7
46.7
46.7
46.6
46.7
46.7
46.7
46.7
46.7
46.7
46.7
46.7
46.7
46.7
46.7
46.7
46.7
46.7
46.7
46.7
46.7
46.7
46.7
46.7
46.7
46.7
46.7
46.7
46.7
46.7
46.7
46.7
46.7
46.7
46.7
46.7
46.7
46.7
46.7
46.7
46.7
46.7
46.7
46.7
46.7
46.7
46.7
46.7
46.7
46.7
46.7
46.7
46.8
46.8
46.7
46.7
46.7
46.7
46.7
46.7
46.7
46.7
46.7
46.7
46.6
46.6
46.6
46.6
46.6
46.5
46.5
46.5
46.5
46.5
46.4
46.4
46.4
46.4
46.3
46.3
46.3
46.2
