6.7
0.0
0.0
0.0
6.7
0.0
13.3
0.0
0.0
20.0
0.0
0.0
0.0
0.0
0.0
0.0
0.0
13.3
0.0
0.0
0.0
0.0
0.0
60.0
106.7
100.0
113.3
106.7
100.0
46.7
100.0
0.0
100.0
6.7
100.0
87.5
13.3
106.7
6.7
100.0
0.0
100.0
33.3
0.0
0.0
93.8
31.2
146.7
100.0
0.0
100.0
20.0
40.0
93.8
13.3
0.0
0.0
100.0
93.8
20.0
0.0
73.3
100.0
62.5
0.0
0.0
0.0
100.0
60.0
0.0
68.8
93.3
0.0
93.3
100.0
46.7
0.0
100.0
93.8
0.0
0.0
93.3
100.0
25.0
0.0
0.0
80.0
100.0
62.5
13.3
6.7
66.7
93.3
86.7
0.0
6.7
0.0
100.0
100.0
40.0
0.0
0.0
13.3
93.3
100.0
0.0
0.0
0.0
93.3
100.0
0.0
0.0
0.0
80.0
100.0
93.8
93.3
100.0
80.0
0.0
0.0
13.3
53.3
93.3
100.0
100.0
12.5
0.0
6.2
0.0
6.7
100.0
93.3
13.3
0.0
0.0
100.0
100.0
100.0
0.0
6.7
87.5
100.0
13.3
0.0
100.0
93.3
6.7
0.0
93.3
100.0
0.0
100.0
100.0
0.0
0.0
13.3
100.0
33.3
0.0
93.3
93.3
0.0
0.0
100.0
40.0
6.7
20.0
100.0
93.8
0.0
0.0
100.0
100.0
33.3
13.3
13.3
100.0
100.0
81.2
0.0
0.0
0.0
93.3
100.0
0.0
0.0
13.3
60.0
100.0
60.0
0.0
0.0
100.0
93.3
40.0
0.0
0.0
100.0
93.3
0.0
6.7
100.0
100.0
6.7
0.0
93.8
33.3
0.0
93.3
93.3
6.7
0.0
100.0
93.3
0.0
0.0
100.0
80.0
0.0
13.3
100.0
100.0
0.0
0.0
80.0
100.0
13.3
0.0
26.7
100.0
0.0
0.0
100.0
100.0
6.7
6.7
93.3
100.0
0.0
0.0
100.0
93.8
0.0
0.0
93.8
100.0
31.2
0.0
0.0
100.0
87.5
6.7
20.0
0.0
100.0
100.0
0.0
0.0
6.7
93.8
46.7
0.0
100.0
100.0
0.0
53.3
100.0
93.3
0.0
0.0
100.0
100.0
0.0
0.0
100.0
100.0
56.2
0.0
13.3
106.7
100.0
93.3
12.5
0.0
6.7
60.0
100.0
93.3
12.5
0.0
0.0
0.0
100.0
100.0
73.3
0.0
0.0
73.3
100.0
100.0
0.0
0.0
20.0
100.0
100.0
0.0
0.0
6.7
87.5
100.0
100.0
100.0
0.0
0.0
13.3
100.0
93.3
20.0
6.7
0.0
6.7
0.0
60.0
100.0
18.8
0.0
0.0
6.7
100.0
93.8
100.0
53.3
0.0
0.0
13.3
100.0
68.8
13.3
0.0
100.0
40.0
0.0
0.0
100.0
46.7
0.0
6.7
33.3
100.0
100.0
0.0
0.0
0.0
86.7
100.0
93.8
0.0
0.0
6.7
100.0
66.7
0.0
0.0
0.0
100.0
100.0
0.0
6.7
100.0
93.8
0.0
0.0
0.0
73.3
100.0
100.0
0.0
13.3
6.7
87.5
100.0
46.7
0.0
0.0
93.8
13.3
100.0
100.0
0.0
93.8
6.7
100.0
40.0
100.0
100.0
100.0
33.3
100.0
6.7
100.0
80.0
46.7
100.0
0.0
100.0
100.0
13.3
0.0
100.0
93.3
0.0
6.7
40.0
87.5
0.0
0.0
6.7
100.0
100.0
0.0
0.0
6.7
100.0
100.0
13.3
0.0
100.0
93.3
0.0
13.3
100.0
93.3
0.0
0.0
0.0
93.8
93.3
0.0
0.0
100.0
100.0
0.0
6.2
100.0
100.0
0.0
93.3
93.3
0.0
33.3
100.0
0.0
86.7
100.0
0.0
0.0
100.0
100.0
73.3
13.3
0.0
100.0
93.8
6.7
87.5
100.0
80.0
6.7
13.3
93.8
100.0
0.0
0.0
80.0
100.0
0.0
0.0
100.0
100.0
0.0
0.0
100.0
100.0
13.3
0.0
93.8
93.3
0.0
0.0
100.0
0.0
0.0
100.0
100.0
0.0
6.7
93.3
0.0
0.0
100.0
40.0
0.0
13.3
100.0
86.7
0.0
93.3
93.3
0.0
0.0
100.0
100.0
0.0
33.3
100.0
100.0
0.0
0.0
75.0
100.0
13.3
0.0
100.0
100.0
0.0
100.0
100.0
0.0
0.0
93.3
100.0
6.2
66.7
93.3
12.5
100.0
100.0
26.7
13.3
100.0
100.0
0.0
100.0
100.0
13.3
93.3
100.0
13.3
6.7
100.0
0.0
93.3
100.0
0.0
100.0
100.0
6.7
0.0
100.0
100.0
0.0
6.7
0.0
100.0
86.7
13.3
0.0
93.3
93.3
13.3
0.0
0.0
100.0
100.0
0.0
6.2
0.0
100.0
100.0
73.3
20.0
100.0
93.3
6.7
0.0
100.0
0.0
20.0
87.5
100.0
0.0
0.0
53.3
100.0
13.3
0.0
86.7
100.0
0.0
0.0
93.3
0.0
0.0
40.0
100.0
20.0
20.0
100.0
20.0
0.0
100.0
60.0
0.0
93.3
100.0
20.0
0.0
6.7
93.3
93.8
0.0
0.0
100.0
0.0
0.0
0.0
100.0
86.7
100.0
0.0
0.0
0.0
100.0
26.7
0.0
0.0
13.3
100.0
100.0
0.0
0.0
0.0
93.8
100.0
0.0
0.0
60.0
100.0
100.0
0.0
0.0
100.0
100.0
0.0
93.8
93.3
100.0
0.0
0.0
13.3
100.0
33.3
12.5
73.3
100.0
20.0
0.0
100.0
0.0
6.2
93.3
100.0
0.0
0.0
0.0
93.3
100.0
0.0
13.3
100.0
33.3
0.0
100.0
93.3
12.5
60.0
93.3
6.7
80.0
100.0
73.3
0.0
0.0
100.0
53.3
6.7
93.8
100.0
13.3
0.0
100.0
0.0
0.0
60.0
93.8
100.0
0.0
0.0
100.0
100.0
0.0
0.0
100.0
93.3
93.8
0.0
0.0
93.3
100.0
20.0
6.7
100.0
100.0
0.0
6.7
93.3
100.0
0.0
0.0
100.0
100.0
0.0
0.0
0.0
100.0
93.3
13.3
0.0
0.0
100.0
0.0
106.7
100.0
6.7
93.3
6.7
100.0
25.0
100.0
33.3
93.8
26.7
100.0
0.0
100.0
0.0
100.0
0.0
100.0
0.0
25.0
100.0
0.0
0.0
100.0
86.7
0.0
93.8
40.0
6.7
0.0
100.0
13.3
0.0
100.0
40.0
0.0
100.0
53.3
0.0
100.0
100.0
0.0
100.0
93.8
13.3
100.0
100.0
0.0
93.8
20.0
0.0
93.8
0.0
0.0
100.0
93.3
20.0
100.0
93.3
18.8
0.0
100.0
100.0
0.0
0.0
106.7
93.3
0.0
100.0
100.0
0.0
93.3
100.0
0.0
0.0
100.0
100.0
0.0
100.0
100.0
0.0
6.7
100.0
93.8
0.0
0.0
100.0
93.3
0.0
13.3
40.0
93.3
0.0
0.0
100.0
86.7
0.0
0.0
100.0
100.0
20.0
0.0
100.0
0.0
0.0
93.3
100.0
6.7
13.3
93.3
100.0
6.7
6.7
100.0
40.0
0.0
0.0
87.5
93.8
13.3
0.0
100.0
100.0
0.0
93.8
100.0
0.0
0.0
100.0
0.0
0.0
100.0
12.5
0.0
100.0
20.0
0.0
100.0
87.5
0.0
86.7
100.0
0.0
86.7
100.0
0.0
0.0
100.0
0.0
0.0
100.0
93.3
0.0
93.3
93.3
0.0
0.0
100.0
6.7
0.0
60.0
100.0
87.5
0.0
0.0
86.7
93.8
0.0
80.0
100.0
0.0
100.0
93.3
6.7
66.7
100.0
40.0
0.0
100.0
66.7
0.0
37.5
100.0
0.0
0.0
100.0
87.5
13.3
100.0
93.3
13.3
60.0
100.0
0.0
100.0
100.0
0.0
0.0
100.0
0.0
100.0
100.0
13.3
100.0
100.0
0.0
0.0
100.0
13.3
0.0
100.0
100.0
0.0
0.0
100.0
100.0
0.0
80.0
93.3
66.7
0.0
0.0
0.0
100.0
100.0
0.0
0.0
100.0
93.8
0.0
0.0
100.0
0.0
0.0
100.0
13.3
0.0
100.0
81.2
0.0
100.0
93.8
0.0
13.3
100.0
18.8
6.7
93.8
100.0
0.0
100.0
100.0
0.0
0.0
100.0
86.7
0.0
93.8
100.0
0.0
0.0
93.3
6.7
0.0
100.0
86.7
0.0
86.7
100.0
0.0
0.0
100.0
100.0
0.0
6.7
100.0
33.3
0.0
100.0
93.3
0.0
0.0
100.0
100.0
0.0
93.8
100.0
0.0
40.0
100.0
6.2
0.0
93.3
53.3
6.7
100.0
13.3
0.0
6.7
0.0
66.7
93.8
47.1
0.0
100.0
100.0
20.0
0.0
100.0
33.3
0.0
100.0
100.0
33.3
0.0
100.0
100.0
0.0
50.0
100.0
0.0
6.7
0.0
100.0
40.0
0.0
0.0
100.0
100.0
0.0
0.0
100.0
100.0
0.0
6.7
100.0
80.0
0.0
93.3
93.3
0.0
0.0
100.0
86.7
0.0
0.0
100.0
93.3
0.0
100.0
100.0
93.3
6.7
6.7
93.3
0.0
100.0
100.0
0.0
100.0
13.3
60.0
100.0
0.0
0.0
100.0
66.7
6.7
106.7
100.0
160.0
100.0
0.0
86.7
93.8
13.3
0.0
0.0
100.0
33.3
46.7
46.7
93.3
80.0
20.0
0.0
0.0
0.0
0.0
0.0
0.0
60.0
0.0
0.0
0.0
0.0
0.0
0.0
6.7
0.0
